Layer: linear1.weight
Values:
[[ -0.34912473  -0.19911486  -0.46134543 ...   1.6489217   -3.3260112
    5.4807405 ]
 [ -0.06072425  -0.04971674   5.963322   ...  -0.08991116  -1.2585229
    2.1363854 ]
 [ -0.24638472  -0.09677261  -6.07419    ... -12.554685    -4.227693
    3.618612  ]
 ...
 [ -0.11534777   0.0628258    2.5392168  ...   0.30871508  -0.27899548
   -0.57574564]
 [ -0.21131763   0.07509215  -3.1472518  ...   0.89504725  -2.1070178
   10.867135  ]
 [  0.06462523  -0.25149652   2.104712   ...  -2.1255574   -1.7522751
    0.9116314 ]]
Gradients:
[[-3.09134445e+01 -9.66045284e+00 -1.37063205e-01 ... -1.52456224e-01
  -1.69025779e-01 -1.53674781e-01]
 [-4.69729553e+02 -1.46790436e+02 -3.31234574e+00 ... -5.83113194e-01
  -2.43706942e+00 -4.11166286e+00]
 [ 7.89435730e+01  2.46698647e+01  3.56415927e-01 ...  3.32571447e-01
   4.08396840e-01  4.68213618e-01]
 ...
 [-3.01272812e+01 -9.41477394e+00 -9.90936086e-02 ... -3.31655592e-01
  -1.52761862e-01 -8.80046934e-02]
 [-3.41406517e+01 -1.06689539e+01 -1.53625965e-01 ... -2.81043082e-01
  -1.87588289e-01 -1.38600111e-01]
 [-2.66704655e+01 -8.33452320e+00 -1.17449105e-01 ... -2.15377152e-01
  -1.36368051e-01 -1.01507664e-01]]

Layer: linear1.bias
Values:
[ 0.05301462 -0.09678046  0.09794421  0.25234053 -0.00335946 -0.3536201
  0.09762326  0.13059077 -0.26048815 -0.12421582 -0.24295479  0.12066251
 -0.10568026  0.0709345   0.1095223  -0.27226162 -0.10033619 -0.22950421
 -0.21605565 -0.05415254 -0.08845262  0.32429498 -0.06691629 -0.05318613
 -0.00100524 -0.32684398 -0.42179608 -0.03102165 -0.3070409   0.04952234
 -0.29347047 -0.31933674 -0.20669301  0.09177905 -0.09827521 -0.15020712
  0.02105285 -0.17119336 -0.15934145 -0.14485869 -0.05837823 -0.1695287
 -0.17951807  0.03977074 -0.1274518  -0.11189374  0.309075   -0.26893166
 -0.1860574  -0.01473845  0.02633159 -0.0312011  -0.21027319 -0.08336586
 -0.33702916 -0.348024   -0.11644322 -0.0940331  -0.22425309 -0.19435357
  0.04530702 -0.00905526 -0.04683965 -0.2519226 ]
Gradients:
[-7.72836208e-02 -1.17432344e+00  1.97358906e-01  1.36627769e-02
 -1.85284090e+00 -1.66283585e-02 -4.47719693e-02 -2.76420824e-02
 -8.70651901e-02 -1.00754760e-01 -5.75473756e-02 -5.07465005e-02
 -3.60484086e-02  1.26710730e-02 -2.27777548e-02  2.86662996e-01
 -4.94350567e-02 -6.25826791e-02  6.11197315e-02 -4.36327141e-03
 -2.66733486e-03  5.44449854e+00  2.21904181e-03 -1.08186975e-01
  8.89878571e-02 -4.92448695e-02 -5.46506792e-02  3.23440284e-02
 -2.86306888e-02 -2.13603079e-02  1.32384360e+00  2.38024653e-03
 -4.96019459e+00  3.10699129e-03 -6.21959567e-04 -1.04684420e-02
  3.71604943e+00 -1.19644953e-02 -3.32101211e-02 -1.50301596e-02
 -6.00834340e-02 -3.88444960e-02 -1.45055857e-02 -6.11257888e-02
 -6.45478889e-02 -3.15155722e-02 -5.57736754e-02 -4.44232672e-02
 -5.29955029e-02 -6.19316912e+00 -3.17708701e-02 -3.76514196e-02
  3.73206615e-01 -2.73881312e-02 -1.07554801e-01 -4.12057042e-02
 -2.32913196e-02 -2.44587474e-02 -3.61927301e-02 -9.31256294e+00
 -5.86762801e-02 -7.53182024e-02 -8.53516161e-02 -6.66761622e-02]

Layer: linear2.weight
Values:
[[ 1.3222487  -0.38616621  0.7694594  ...  1.055414    0.94454217
   1.0256689 ]
 [-0.05981277 -0.20670778 -0.7550175  ...  0.04704885  0.13717787
  -0.11230364]
 [-0.21984552 -0.07007784 -0.42458013 ... -0.12169458 -0.33322233
  -0.09844143]
 ...
 [ 1.8649915  -1.0775979   1.3222091  ...  1.5538725   1.6259174
   1.4102325 ]
 [ 0.7719489  -1.1772467   0.6730284  ...  0.97803557  0.7070332
   1.0203956 ]
 [ 0.07117701 -0.5843162  -0.08910018 ...  0.49341533  0.24656595
   0.4316949 ]]
Gradients:
[[ 3.03401262e-01 -1.36358297e+00  2.25557595e-01 ...  2.11228371e-01
   1.86928570e-01  1.54485613e-01]
 [ 7.58995438e+01 -1.90936905e+02  5.61285820e+01 ...  4.29953537e+01
   4.77146492e+01  3.40280762e+01]
 [ 5.53391647e+00 -8.72196198e+01  4.08851957e+00 ...  8.85325432e+00
   2.91440129e+00  5.05258894e+00]
 ...
 [ 3.86731923e-01 -1.73809755e+00  2.87508160e-01 ...  2.69243091e-01
   2.38269433e-01  1.96915805e-01]
 [ 4.30907369e-01 -1.93663645e+00  3.20349574e-01 ...  2.99998194e-01
   2.65486360e-01  2.19409123e-01]
 [ 1.02093555e-01 -4.58841294e-01  7.58994296e-02 ...  7.10776448e-02
   6.29008710e-02  5.19839227e-02]]

Layer: linear2.bias
Values:
[-1.1598905   0.3444106   0.14630395 -0.29815158  0.053766   -1.5866007
 -0.76915014 -1.8170242  -1.3802949  -0.5515519  -0.58387095 -1.2802444
  0.10771724 -1.5924025  -1.3985512  -0.02997342 -1.8714744  -0.42608285
 -0.7785674  -0.15811802  0.80042094  0.08469364 -0.65513897 -1.444001
  0.40385628  0.6424667  -1.6595957   0.06858843 -0.47854695 -1.5087624
 -1.0984888  -0.27120334]
Gradients:
[ -0.0609183  -14.511118    -1.524719     1.9492869    1.5029677
  -0.05814309   1.0458753   -0.09982754  -0.07169884  -0.17186871
  -0.08226651  -0.05970152  -0.0416853   -0.07406315  -0.0924506
  -6.8827605   -0.08998688  -0.07939449  -1.7023937    0.33818808
   2.6830401   -0.5868293   -8.378353    -0.08179258   6.991048
   4.6985054   -0.0760591    0.9289548   13.877848    -0.07764979
  -0.08651955  -0.02049881]

Layer: output.weight
Values:
[[-0.8975076  -1.352782   -1.3313318   0.4425141   1.6919838  -0.8566068
   1.6830835  -1.4708402  -1.0563596   1.9780792  -1.212091   -0.8795587
  -0.40528077 -1.0911925  -1.3621404   1.5408446  -1.3258544  -1.8774395
  -1.9163198  -1.253124    0.7600654   0.9213634  -0.8921264  -1.2050782
   0.72283953 -1.4157481  -1.1206009   1.4611576   1.852122   -1.1440389
  -1.2747055  -0.3020138 ]]
Gradients:
[[ -24.428854   659.963     -370.6482     387.10434    -29.665243
   -28.437023     2.0115573  -34.592163   -33.190536    -6.1391344
   -14.611465   -33.24556     66.74808    -32.893223   -32.398827
  -142.70584    -38.592587    -7.5179195  -18.61467    -18.739088
    37.35701      9.475651   808.4926     -35.89207    311.72897
  -184.15271    -32.89946    -27.110786   246.9189     -38.807827
   -35.12377    -14.530983 ]]

Layer: output.bias
Values:
[0.968289]
Gradients:
[6.7867823]

