Layer: linear1.weight
Values:
[[-0.22147676 -0.07146363  1.1585572  ...  0.7033277  -0.61732924
   1.1681508 ]
 [-0.04450201 -0.03349456  2.3012426  ...  0.5775854  -0.46642166
   0.23509595]
 [-0.1340247   0.01558632 -1.3589494  ... -0.83714336  0.12128832
  -0.15127131]
 ...
 [-0.03692885  0.14124547 -0.3932003  ... -1.1751708   0.08292297
  -0.36194947]
 [-0.12192734  0.16448344 -0.57416415 ...  0.7663356  -0.4058169
   1.2983298 ]
 [ 0.1294186  -0.18670423  0.71142703 ... -0.74711025  0.26037
  -0.50135636]]
Gradients:
[[ 9.81280422e+00  3.06650043e+00  2.17691101e-02 ...  6.99820518e-02
   6.80323131e-03  4.81742248e-02]
 [ 2.76392603e+03  8.63726807e+02  6.24790382e+00 ...  3.28611526e+01
   3.79825974e+00  1.32211275e+01]
 [-4.36770201e+00 -1.36490691e+00 -9.89625789e-03 ... -6.64895326e-02
  -9.61114559e-03 -1.92516576e-02]
 ...
 [-3.36904192e+00 -1.05282557e+00 -6.52822386e-03 ... -2.59119458e-02
   5.39672514e-03 -1.96052231e-02]
 [ 8.69831860e-01  2.71822393e-01  9.64513572e-04 ... -2.12705061e-02
  -6.60513202e-03  5.93449082e-03]
 [ 2.10511971e+00  6.57849967e-01  5.22164209e-03 ...  2.15975866e-02
   5.18757710e-03  9.56850685e-03]]

Layer: linear1.bias
Values:
[ 0.18066739 -0.08055899  0.21030371  0.21344863 -0.02723486 -0.27636132
  0.12562431  0.15882725 -0.10812093 -0.049408   -0.19124429  0.13669665
 -0.02181928  0.0641573   0.16011198 -0.2515741  -0.04821806 -0.16958769
 -0.19790299 -0.07705265 -0.05426181  0.3187238   0.08342092  0.08577862
  0.16276361 -0.14521368 -0.231649   -0.03982516 -0.28454825  0.21269336
 -0.3834019  -0.17068104 -0.19131078  0.11162423 -0.0090637  -0.1465046
  0.0089931  -0.14321603 -0.08604685 -0.11400734  0.02872161 -0.09000016
  0.02900271  0.07481227 -0.06664727  0.01408644  0.31635773 -0.21104893
 -0.07217528 -0.01968007  0.05090179  0.06924207 -0.26404116  0.00920448
 -0.22033164 -0.22415824 -0.06768017 -0.12333734 -0.20643112 -0.19627076
  0.07573224  0.06936447  0.04255095 -0.1871298 ]
Gradients:
[ 2.4532003e-02  6.9098144e+00 -1.0919254e-02  6.2757516e-03
  1.3333739e-02  1.2106890e-02  5.9936810e-03 -1.7449919e-03
 -5.7168216e-03  1.3462148e-03  1.1262220e-02  4.5630999e-04
 -1.4989348e-03 -7.5341961e-03  8.5566798e-03  1.7285948e-03
  1.2842002e-02  5.8020805e-03  2.3194246e-03 -7.9567228e-03
  7.6390202e-03 -6.8736750e-01 -8.2672923e-04  3.7274841e-02
  7.7267271e-04 -2.3027372e-03 -4.8202062e-03  1.0909618e-02
  2.1457390e-03 -3.5899610e-03  2.1566944e-03  1.0939974e-02
  6.8032188e+00 -1.2806079e-02 -2.7267840e-03 -2.2017700e-04
 -8.2795912e-01  8.8900735e-04 -7.3707558e-04  1.0276245e-02
  9.7832677e-04  4.3506883e-03  6.7064730e-03  1.7034642e-02
 -9.5947587e-05 -7.4670417e-03 -1.9416822e+00  5.9624144e-04
 -2.2104515e-03  8.4933319e+00 -2.3030629e-04  3.2670486e-03
 -5.6452090e-03  3.4483202e-02  4.4257261e-02  5.4341283e-02
 -9.2154450e-04  6.3262507e-04 -3.3341921e-03  5.2904601e+00
  3.0535193e-02 -8.4226048e-03  2.1745795e-03  5.2627996e-03]

Layer: linear2.weight
Values:
[[ 0.24960339 -0.34469774  0.22194678 ...  0.09515151  0.05703887
   0.26642188]
 [ 0.18115343 -0.16501613  0.04380977 ...  0.06176417  0.2355592
   0.18014833]
 [-0.04118846  0.25937784 -0.0506133  ...  0.08544638  0.01640663
   0.03059386]
 ...
 [ 0.26287034 -0.22267605  0.2862215  ...  0.12562579  0.21147041
   0.17140482]
 [ 0.05004694 -0.21962294  0.13548622 ...  0.08581972  0.06522352
   0.3438799 ]
 [-0.3878876  -0.41398785 -0.2665207  ...  0.13689978 -0.33271766
   0.01429663]]
Gradients:
[[ 2.63953451e-02 -3.53440464e-01  5.71558159e-03 ...  1.42275030e-02
   1.54955955e-02  1.10258982e-02]
 [-1.74491778e-02  2.33648941e-01 -3.77840013e-03 ... -9.40538105e-03
  -1.02436757e-02 -7.28889368e-03]
 [-7.25454903e+00  9.71403046e+01 -1.57088172e+00 ... -3.91031575e+00
  -4.25883961e+00 -3.03038025e+00]
 ...
 [-7.29954569e-03  9.77427959e-02 -1.58062531e-03 ... -3.93456919e-03
  -4.28525498e-03 -3.04917572e-03]
 [ 3.03796772e-03 -4.06791717e-02  6.57833938e-04 ...  1.63751177e-03
   1.78346271e-03  1.26902387e-03]
 [ 2.03977779e-01 -2.73131537e+00  4.41688299e-02 ...  1.09947205e-01
   1.19746774e-01  8.52058679e-02]]

Layer: linear2.bias
Values:
[-0.1403957  -0.05767802 -0.0407234  -0.15874454 -0.04673062 -0.24987967
 -0.56646913 -0.44504353 -0.16669947 -0.10480645 -0.17921299  0.22539268
 -0.0189818  -0.05759376 -0.372962    0.13323443 -0.28974715 -0.3104565
 -0.5030231  -0.4163799   0.3625477   0.07728393 -0.06983928 -0.13061741
  0.08478553  0.02932191 -0.07661927  0.00373538 -0.2251356  -0.12690617
 -0.28943753  0.3772163 ]
Gradients:
[-1.37235094e-02  9.07220319e-03  3.77179694e+00 -3.54358763e-01
  1.57890320e-01  5.48094273e-01 -1.45191688e-03  9.06448811e-04
 -3.19807645e-04 -4.52550640e-03 -8.52916203e-03 -4.52515185e-02
  6.49431515e+00 -5.91235096e-03 -1.50662009e-02 -1.94865668e+00
  3.56403133e-03 -1.69321545e-04 -1.51027283e-02  1.14353355e-02
 -5.91383725e-02 -4.06240273e+00  3.87534881e+00  3.11593572e-03
 -3.31570655e-02 -9.51666012e-03 -1.12387650e-02  2.58914996e-02
 -4.14141268e-03  3.79519071e-03 -1.57950481e-03 -1.06052451e-01]

Layer: output.weight
Values:
[[ 0.0580857  -0.03807863 -0.15936269  0.07077502  0.16089822 -0.02327868
   0.00623785 -0.00401298  0.00103649  0.01931992  0.03614895  0.19121586
  -0.27425492  0.02513586  0.06371368  0.3092812  -0.01492748  0.00074917
   0.06370296 -0.04826032  0.24979846  0.2840371  -0.16381209 -0.01312297
   0.14016803  0.04031694  0.04747335  0.12908599  0.01769328 -0.01592394
   0.00682668  0.44764927]]
Gradients:
[[    8.427093      6.5736914  -462.55704     -45.562485     11.263238
   -171.19865      13.642512      4.349474      3.526846      6.856568
      6.3290477    10.393687  -1202.289         6.486049     12.791808
      3.6568422     8.577896     10.990385     10.031604      8.993504
     12.011423   -290.94614    -523.09875       3.0644608    10.554421
      5.121152     10.03495       8.373437      7.3973184     8.618566
      6.62147      11.163385 ]]

Layer: output.bias
Values:
[-0.05773241]
Gradients:
[-23.706284]

