Layer: linear1.weight
Values:
[[ -0.346459    -0.19644955  -0.29695034 ...   1.8430104   -3.7358227
    5.71269   ]
 [ -0.05725716  -0.04624972   6.157107   ...  -0.16522129  -1.6459981
    2.0924692 ]
 [ -0.24561058  -0.09599894  -6.086008   ... -12.690475    -4.506022
    3.620565  ]
 ...
 [ -0.10290816   0.07526538   2.5917873  ...   0.6282568   -0.4620302
   -0.3981633 ]
 [ -0.21919155   0.06721861  -3.0413053  ...   1.136931    -2.3913445
   11.195188  ]
 [  0.07682335  -0.23929884   2.1640027  ...  -1.9622123   -1.88473
    1.0560893 ]]
Gradients:
[[ 5.7272143e+00  1.7897545e+00 -1.4981996e-02 ...  1.5802304e-01
   4.3105055e-03  4.1044235e-02]
 [-8.1718622e+02 -2.5537074e+02 -1.8077476e+00 ...  6.6850410e+00
   3.4947844e+00  1.5177205e-01]
 [-9.2075737e+01 -2.8773659e+01 -2.0126671e-01 ... -6.8663400e-01
  -2.6323104e-01 -5.6259453e-01]
 ...
 [-2.7858824e+01 -8.7058811e+00 -1.2935969e-01 ... -6.3212824e-01
  -1.5815000e-01 -9.2788309e-02]
 [-4.4991028e-01 -1.4059651e-01 -5.4399185e-03 ... -2.5141412e-01
  -2.3980709e-02  1.0341110e-02]
 [-1.0412301e+01 -3.2538455e+00 -1.7189784e-02 ... -3.2390642e-01
  -3.2792445e-03 -1.4859566e-02]]

Layer: linear1.bias
Values:
[ 0.05568042 -0.09331311  0.09871786  0.25628743 -0.00409035 -0.34540904
  0.09537271  0.15774749 -0.26364467 -0.10514021 -0.255303    0.1163393
 -0.09321246  0.07468682  0.12281958 -0.27678213 -0.07785536 -0.23415159
 -0.20779334 -0.04103431 -0.06842761  0.32416385 -0.06178482 -0.05438434
 -0.00124882 -0.34239393 -0.4346722  -0.0234356  -0.30908716  0.04481534
 -0.29687247 -0.32558912 -0.20812714  0.10488806 -0.08681669 -0.17367634
  0.02132701 -0.15725736 -0.16845895 -0.15240681 -0.0601685  -0.17027456
 -0.18626735  0.05267887 -0.10644644 -0.10900524  0.31041846 -0.2578673
 -0.185422   -0.02090533  0.00886604 -0.0298641  -0.21172167 -0.05059405
 -0.33667713 -0.3442999  -0.11899553 -0.13230036 -0.21904509 -0.19533901
  0.03002822  0.00338439 -0.05471343 -0.23972489]
Gradients:
[ 1.4318038e-02 -2.0429666e+00 -2.3018928e-01 -8.1370249e-02
 -2.6932755e+00 -6.2005352e-02 -1.8131334e-02  1.3070215e-02
  9.3242815e-03 -4.5983389e-02  8.8190194e-05  5.3797988e-03
 -4.4670753e-02 -4.8983797e-02 -7.6079793e-02 -2.8641701e-01
 -5.4790810e-02 -1.0220952e-02 -4.0174536e-02  2.5084328e-02
  5.6435983e-03  1.2120064e+00 -8.4847778e-02 -1.6003370e-02
 -1.4727786e-01 -4.6950065e-02 -2.4979850e-02 -4.5240510e-02
 -5.9293918e-02 -5.3528521e-02 -2.8789985e+00 -2.9427711e-02
 -9.8180313e+00 -2.8689887e-02 -6.5313438e-03 -7.3475251e-03
 -2.8672256e+00 -7.7680415e-03 -8.7448414e-03 -1.5070857e-03
 -3.0177593e-02  1.3490047e-02 -1.2471683e-02  3.7620291e-02
  4.2517304e-02 -5.7688676e-02 -1.1585254e+01  3.1031366e-02
  1.5682483e-03 -3.7549996e-01 -4.7489316e-03 -2.3352655e-02
  2.8433387e+00  1.0387611e-01  2.1780379e-02  1.9981541e-02
  8.2340479e-02  2.3749534e-02  3.7875440e-02  2.6034260e+01
  2.9494494e-02 -6.9647051e-02 -1.1247769e-03 -2.6030757e-02]

Layer: linear2.weight
Values:
[[ 1.3719391  -0.3475555   0.78061694 ...  1.1009791   0.99247986
   1.068798  ]
 [-0.06725531 -0.18156794 -0.7747068  ...  0.04756816  0.13028774
  -0.12161046]
 [-0.22439158 -0.04915086 -0.4422521  ... -0.11935136 -0.33911082
  -0.09387001]
 ...
 [ 1.920174   -1.0396931   1.3369644  ...  1.6007397   1.6755471
   1.4540479 ]
 [ 0.8272381  -1.1396542   0.688018   ...  1.0250025   0.75681806
   1.0643758 ]
 [ 0.09785704 -0.5479532  -0.07982626 ...  0.5581757   0.26774725
   0.44033223]]
Gradients:
[[-4.7984654e-01  6.7675337e-02 -4.5847303e-01 ... -2.3044048e-01
  -3.2059604e-01 -2.0120968e-01]
 [-3.9515133e+01  1.3284924e+02 -3.2483307e+01 ... -2.1265329e+01
  -2.5186138e+01 -1.5936625e+01]
 [-6.1183132e+01 -8.9477287e+01 -5.8003773e+01 ... -2.7330471e+01
  -4.2346180e+01 -2.5284840e+01]
 ...
 [-6.0597908e-01  8.5464463e-02 -5.7898730e-01 ... -2.9101411e-01
  -4.0486804e-01 -2.5409970e-01]
 [-6.7033452e-01  9.4540954e-02 -6.4047617e-01 ... -3.2191998e-01
  -4.4786537e-01 -2.8108525e-01]
 [-1.6528994e-01  2.3311764e-02 -1.5792757e-01 ... -7.9378486e-02
  -1.1043389e-01 -6.9309525e-02]]

Layer: linear2.bias
Values:
[-1.2105129   0.3488925   0.14921786 -0.27925375  0.08799614 -1.6373072
 -0.7644265  -1.8715208  -1.4342263  -0.5788432  -0.63461155 -1.3308071
  0.14076412 -1.646448   -1.4528495  -0.01033443 -1.9257139  -0.45219937
 -0.7815121  -0.17291908  0.82483685  0.08190728 -0.6610234  -1.4981678
  0.39012492  0.647741   -1.7137206   0.06626164 -0.49257612 -1.5628717
 -1.1527064  -0.301731  ]
Gradients:
[  0.09712454   8.036912    12.214741    -2.9293623   -4.0783577
   0.09314495  -1.3235629    0.15713763   0.11338998  -1.4494592
   0.12850207   0.09503382   2.7987752    0.11751065   0.14513803
  -3.6386065    0.14128849   1.3665264   -0.8808844   -4.172728
  -6.8084693   -2.384661    -0.45060456   0.12892012  -0.63794464
  -2.9012122    0.12074679   0.66113627 -14.765318     0.12265471
   0.1356807    0.03345592]

Layer: output.weight
Values:
[[-0.9251663  -1.3945756  -1.4514885   0.4375663   1.7207638  -0.88727427
   1.6378913  -1.4965693  -1.080018    2.016354   -1.22403    -0.90526265
  -0.44154376 -1.1192553  -1.3823289   1.5479915  -1.3456576  -1.9017537
  -1.9510064  -1.2949892   0.8020043   0.9010393  -0.9308046  -1.2278876
   0.7037559  -1.4495213  -1.1500646   1.4652382   1.924237   -1.1682345
  -1.2922225  -0.3188301 ]]
Gradients:
[[ 2.6654100e+01 -5.6770270e+02 -4.3590048e+02 -1.4271460e+02
   4.2893101e+01  2.9834419e+01 -1.7461105e+01  4.0435066e+01
   3.5348312e+01 -6.1860685e+00  1.7872862e+01  3.2565807e+01
  -2.9059265e+02  3.4988693e+01  3.5788750e+01 -1.6231488e+02
   4.3276798e+01  7.1561995e+00  5.5530045e+01  1.6003998e+02
  -4.4697002e+01  5.5608958e-01 -7.8273827e+01  3.7026283e+01
  -1.3216447e+02  1.8899531e+00  3.4747345e+01  4.3972824e+01
  -2.1484116e+02  4.0138454e+01  3.2258587e+01  1.0384866e+01]]

Layer: output.bias
Values:
[1.0241902]
Gradients:
[-10.503038]

