Layer: linear1.weight
Values:
[[ -0.2805302   -0.13051765  -0.9876532  ...  -0.255942    -0.6518045
    2.8861392 ]
 [ -0.05259565  -0.04158818   3.931212   ...   0.7298231   -0.580975
    1.0932615 ]
 [ -0.24735841  -0.09774739  -4.9428563  ... -11.05506     -1.6928825
    2.841811  ]
 ...
 [ -0.14201435   0.0361594    1.6312056  ...  -2.0448675    1.1455606
   -1.8924779 ]
 [ -0.15468237   0.13172726  -3.7999794  ...  -0.13392684  -0.9906825
    6.755263  ]
 [  0.04846296  -0.26765904   1.9910452  ...  -2.9683046    0.7733698
   -0.38663596]]
Gradients:
[[-1.03741398e+01 -3.24191952e+00 -2.59880871e-02 ... -6.69672430e-01
  -2.04817429e-02 -3.32278870e-02]
 [-1.58554333e+03 -4.95482330e+02 -3.35528994e+00 ... -1.03654755e+02
  -7.23033476e+00 -2.75245929e+00]
 [-1.56630611e+01 -4.89470720e+00 -5.19540235e-02 ...  9.03359652e-02
   4.91953939e-02 -1.42714188e-01]
 ...
 [-2.23948784e+01 -6.99839878e+00 -7.72176385e-02 ... -7.91293740e-01
  -8.59563351e-02 -7.99165890e-02]
 [-1.26084919e+01 -3.94015408e+00 -3.32775190e-02 ... -6.80970788e-01
  -3.33184898e-02 -4.27601412e-02]
 [-1.60118332e+01 -5.00369883e+00 -4.55646887e-02 ... -7.41657674e-01
  -4.58304882e-02 -6.37346134e-02]]

Layer: linear1.bias
Values:
[ 0.12161215 -0.08865282  0.09696957  0.24412185 -0.02897435 -0.31449676
  0.06909797  0.1311744  -0.17628951 -0.09408133 -0.21706295  0.12540099
 -0.13311104  0.04888721  0.11420652 -0.2766229  -0.10773492 -0.21486984
 -0.22709507 -0.06562725 -0.07496984  0.33868286 -0.04590176  0.06600738
  0.04441382 -0.23179798 -0.314777   -0.05350585 -0.33496717  0.11983348
 -0.33172587 -0.22219308 -0.2028854   0.10754278 -0.05248727 -0.14116795
  0.01738419 -0.17090793 -0.11731167 -0.12218264  0.00498345 -0.13067734
 -0.07524429  0.06909305 -0.05385434 -0.08957604  0.30184683 -0.21152204
 -0.16079943 -0.01363261  0.02800918  0.00929976 -0.21122937 -0.02735988
 -0.24435343 -0.26994154 -0.11452865 -0.11716118 -0.20775406 -0.20536073
  0.04366139 -0.03572197  0.00979554 -0.2680851 ]
Gradients:
[-2.59353537e-02 -3.96385813e+00 -3.91576588e-02 -2.01491714e-02
  4.27431799e-03 -1.65247582e-02 -3.61707918e-02 -1.09999524e-02
 -3.24204974e-02 -4.86741029e-02 -1.89194791e-02 -1.06999855e-02
 -4.29799668e-02 -3.20604108e-02 -4.77848127e-02 -4.21671048e-02
 -3.46733816e-02 -2.74607614e-02 -7.43674021e-03 -8.44295137e-03
 -8.68513621e-03  2.28151274e+00 -5.64520843e-02 -5.33049107e-02
 -6.55700862e-02 -3.20677012e-02 -3.83389741e-02 -2.41803899e-02
 -1.97853334e-02 -3.43625918e-02  1.02903865e-01 -2.68166363e-02
 -4.46024227e+00 -1.38217798e-02 -1.03498995e-02 -7.81472959e-03
 -5.75613213e+00 -1.34444861e-02 -1.45099256e-02 -1.85704865e-02
 -2.84869745e-02 -3.74239385e-02 -2.42159124e-02 -1.98160876e-02
 -2.24076863e-02 -4.36722599e-02  2.48521566e+00 -1.32369427e-02
 -2.61651035e-02 -7.11973250e-01 -1.27064809e-02 -3.69034335e-02
 -4.81139898e+00  1.10178422e-02 -4.59206365e-02 -1.38761951e-02
 -1.63796879e-02 -1.97618194e-02 -6.70527853e-03 -1.43819511e-01
 -9.61999316e-03 -5.59871942e-02 -3.15212309e-02 -4.00295779e-02]

Layer: linear2.weight
Values:
[[ 0.11414507 -0.04123276  0.1302149  ... -0.02143714 -0.10563883
   0.13891271]
 [-0.14052974 -0.00546715 -0.46606576 ... -0.07075741  0.03080989
  -0.13622145]
 [-0.09646909  0.2572907   0.04795863 ...  0.10374051 -0.08061415
   0.18634002]
 ...
 [ 0.379323   -0.48483297  0.4077128  ...  0.15430775  0.29546246
   0.1845006 ]
 [-0.13778509 -0.6672081   0.14951247 ...  0.10761653 -0.09438617
   0.29785982]
 [-0.11486859 -0.32839856 -0.34230906 ...  0.21797085  0.00223264
   0.19469443]]
Gradients:
[[ 3.0935816e-03 -3.4188353e-02  5.8427849e-03 ...  4.1038804e-03
   1.8772163e-03  3.3817729e-03]
 [ 4.9138694e+00 -1.7841307e+01  6.4457879e+00 ...  5.3154263e+00
   3.0529180e+00  4.2380338e+00]
 [-8.5665417e+00  6.4721786e+01 -1.1677692e+01 ... -9.1392365e+00
  -5.2123308e+00 -7.3228521e+00]
 ...
 [ 2.6282569e-02 -2.9045874e-01  4.9639344e-02 ...  3.4865893e-02
   1.5948528e-02  2.8730989e-02]
 [ 8.1664711e-02 -9.0250796e-01  1.5423840e-01 ...  1.0833464e-01
   4.9554951e-02  8.9272387e-02]
 [-8.2486749e-02  9.1159219e-01 -1.5579097e-01 ... -1.0942516e-01
  -5.0053775e-02 -9.0171039e-02]]

Layer: linear2.bias
Values:
[ 0.04142973  0.43026435  0.02727629 -0.36941501 -0.06189765 -0.29187742
 -0.6600108  -0.35579467  0.02707145 -0.37477514  0.02335735  0.08194987
  0.25300857 -0.06188159 -0.11961245 -0.07249589 -0.4049521  -0.20407897
 -0.52358526 -0.00619613  0.4324656  -0.07307568 -0.48892716 -0.03513086
  0.07093244  0.60754186 -0.13652048 -0.04694879 -0.42183477 -0.01922703
 -0.16426586 -0.10639794]
Gradients:
[-8.9907629e-04 -1.3665386e+00  2.3978453e+00 -5.0911379e-01
  7.6346612e-01 -6.8235386e-04 -8.5925829e-01 -2.4560547e-02
 -4.3733809e-03 -1.5146973e+00 -2.2757426e-02  7.2786868e-05
 -1.8908639e+00 -1.3617745e-03 -2.2843108e-02 -4.2312150e+00
 -1.7645227e-02 -3.1611785e-02 -4.4155017e-02 -5.2731447e-02
  1.3665099e+00  4.1464216e-01 -2.7567863e+00 -1.0695054e-02
  1.2458129e-02  2.2689314e+00 -2.3362434e-03  8.3050951e-02
 -2.7989111e+00 -7.6384065e-03 -2.3733912e-02  2.3972817e-02]

Layer: output.weight
Values:
[[-1.3711435e-02 -4.3381906e-01 -5.8406413e-01  2.5381076e-01
   1.3134825e+00 -1.0518521e-02  1.6218193e+00 -3.7459803e-01
  -6.6856831e-02  1.8391687e+00 -3.4727931e-01  7.6857547e-04
  -2.4736193e-01 -2.0792406e-02 -3.4849566e-01  1.2979734e+00
  -2.6924622e-01 -4.8229393e-01 -6.7360884e-01 -8.0426079e-01
   2.5958398e-01  9.4534355e-01 -5.8634633e-01 -1.6336271e-01
   1.8988208e-01 -3.9173767e-01 -3.5717703e-02  1.2668183e+00
   1.4654391e+00 -1.1676330e-01 -3.6223808e-01  3.6531302e-01]]
Gradients:
[[  -1.670254    -10.2268305  -159.83415    -116.510056     -3.467484
    -1.1947026   -35.01682      -8.915621     -7.99286     -26.793917
    -4.4271827    -2.437388    125.00518      -0.84738743   -8.850892
   -45.493942    -10.283273     -6.7607284    -8.710245    -12.361843
   171.74516      -5.3757067    32.801323     -7.1933045    -4.5914946
  -108.90624      -0.9055497    -5.44825     -39.67897      -8.392973
   -11.287615     -5.218205  ]]

Layer: output.bias
Values:
[-0.39498845]
Gradients:
[6.5567417]

