Layer: linear1.weight
Values:
[[-3.94616663e-01 -2.44605839e-01  1.18650770e+00 ...  2.46627593e+00
  -6.87135553e+00  7.61422300e+00]
 [-1.51883606e-02 -4.18117410e-03  9.74226665e+00 ...  1.93370789e-01
  -1.68385756e+00  1.86149681e+00]
 [-2.73532748e-01 -1.23921245e-01 -1.02859659e+01 ... -1.34348660e+01
  -6.22541428e+00  3.68755817e+00]
 ...
 [-2.00738534e-01 -2.25652587e-02  3.34485507e+00 ...  1.52163601e+00
  -1.96209967e+00  1.05065215e+00]
 [-2.67182231e-01  1.92276165e-02 -1.49338579e+00 ...  1.84349978e+00
  -4.89162970e+00  1.37617426e+01]
 [ 7.60503039e-02 -2.40071446e-01  3.34384060e+00 ... -9.66862381e-01
  -3.37951469e+00  2.00602317e+00]]
Gradients:
[[ 2.5365124e+01  7.9266014e+00  5.3122658e-02 ...  1.3501686e-01
   1.5869343e-01  1.4203919e-02]
 [ 7.3254907e+02  2.2892160e+02 -3.0270977e+00 ... -1.2999476e+01
  -1.3961220e-01  8.6473560e+00]
 [ 9.0962362e+00  2.8425605e+00  2.2918311e-01 ...  7.6722103e-01
   6.0175553e-02 -6.3813224e-02]
 ...
 [-4.1224888e+01 -1.2882782e+01 -1.2215968e-01 ... -3.9653045e-01
  -3.2003894e-02 -1.1881079e-01]
 [ 3.3520474e+00  1.0475157e+00 -9.7653205e-03 ... -5.3070489e-02
   6.2243611e-02 -1.3225345e-02]
 [ 2.4026077e+00  7.5081408e-01 -2.0569853e-02 ...  5.5681635e-04
   8.1781790e-02 -1.3021458e-02]]

Layer: linear1.bias
Values:
[ 0.00752555 -0.05124446  0.07079587  0.1679593  -0.00810563 -0.33030805
  0.0562894   0.05157788 -0.2891965  -0.174488   -0.2632316   0.07569521
 -0.09274643  0.01309088  0.07855283 -0.32212803 -0.09755281 -0.25323963
 -0.3209594  -0.1546772  -0.12885234  0.35558474 -0.12130153  0.00347207
  0.02130429 -0.3717239  -0.44354934 -0.08862391 -0.35655397  0.01603816
 -0.28668368 -0.28939646 -0.2572402   0.05785284 -0.05874996 -0.2405957
  0.02252427 -0.21852139 -0.20266226 -0.17628764 -0.00758251 -0.20228939
 -0.19405922 -0.01227243 -0.1783902  -0.09779239  0.31819734 -0.30943415
 -0.19003768 -0.1592329  -0.01625628 -0.01681507 -0.20602278 -0.0699097
 -0.32759303 -0.276007   -0.17861806 -0.17890134 -0.23816393 -0.16210431
  0.02174048 -0.09444602 -0.10270483 -0.24049744]
Gradients:
[ 6.34128004e-02  1.83137178e+00  2.27404088e-02  1.28667027e-01
 -1.36808634e+00  8.76406115e-03  5.60691990e-02  1.22092783e-01
 -4.84317802e-02 -8.28259438e-02  4.35720384e-02  3.76294088e-03
  2.82340609e-02  1.44770265e-01 -7.91073404e-03  4.32917029e-02
 -5.95203508e-03  8.63898918e-02  2.05257848e-01  1.22970447e-01
  6.88837171e-02  1.00256519e+01 -5.16853333e-02  4.41325232e-02
 -4.04997021e-02  6.94246888e-02  4.05220613e-02  1.50484979e-01
  8.11110288e-02 -2.13955734e-02  4.29813480e+00  1.13590047e-01
 -2.37561762e-03  8.31815600e-03  3.95360775e-02  1.68686241e-01
  9.25216293e+00  7.89384916e-02  1.81751400e-02  1.28521830e-01
  3.89370359e-02  9.24308896e-02  9.80934650e-02  2.30435077e-02
  1.59416050e-02 -3.17763723e-03  1.07757645e+01 -2.60501187e-02
  3.08778472e-02  3.88416767e-01  5.86443320e-02  3.41250487e-02
 -2.97449207e+00  5.15989885e-02  5.71832433e-02  7.32829869e-02
 -1.21394210e-02  1.17004439e-01 -1.24605615e-02 -6.54366684e+00
  9.49978307e-02 -1.03062242e-01  8.38012341e-03  6.00651093e-03]

Layer: linear2.weight
Values:
[[ 1.7745847  -0.4663498   0.83425456 ...  1.4073807   1.3080302
   1.2580829 ]
 [-0.1668911   0.1455821  -0.820885   ... -0.07828778 -0.00452632
  -0.16854152]
 [-0.26818058 -0.32025978 -0.56000066 ... -0.18960425 -0.44119585
  -0.15149906]
 ...
 [ 2.322455   -1.180548    1.437945   ...  1.9062376   1.9933239
   1.6613462 ]
 [ 1.2313519  -1.2814201   0.7906393  ...  1.3321005   1.0766516
   1.2733977 ]
 [ 0.56995803 -0.41844815  0.33994293 ...  0.70952684  0.7084287
   0.77953887]]
Gradients:
[[-5.1294732e-01  9.3853512e+00 -4.1856486e-01 ... -5.4665476e-01
  -3.9673328e-01 -2.3021875e-01]
 [ 9.0385323e+00 -9.8415051e+00  1.6236987e+00 ... -1.4432842e+01
   4.4473233e+00 -5.5911794e+00]
 [-5.1098846e+01  7.4951123e+02 -3.7999825e+01 ... -4.2694767e+01
  -3.8691048e+01 -1.8930740e+01]
 ...
 [-6.5112871e-01  1.1913644e+01 -5.3132087e-01 ... -6.9391644e-01
  -5.0360799e-01 -2.9223669e-01]
 [-7.2134346e-01  1.3198357e+01 -5.8861583e-01 ... -7.6874506e-01
  -5.5791497e-01 -3.2375008e-01]
 [-2.0240760e-01  3.7034333e+00 -1.6516449e-01 ... -2.1570842e-01
  -1.5654987e-01 -9.0843663e-02]]

Layer: linear2.bias
Values:
[-1.4546112   0.44844514  0.22999996 -0.07991266  0.18404481 -1.9255091
 -0.7503994  -2.1290045  -1.686491   -0.67460567 -0.8877549  -1.6191419
  0.13340406 -1.9041733  -1.7089559   0.12863107 -2.1821604  -0.598633
 -0.81006956 -0.32095984  0.9303896   0.09594758 -0.64450663 -1.7525504
  0.37425697  0.59809095 -2.0070593   0.11232904 -0.42192602 -1.8165014
 -1.4082242  -0.7374343 ]
Gradients:
[  0.08587361  -0.03322983   7.4714556    1.1795244   -0.16211145
   0.08293223  -2.4194674    0.14070371   0.10110819  -0.1555623
   0.10880566   0.08408269   3.427902     0.10389096   0.12837163
 -17.105694     0.12900865   0.15407002   0.20831873   0.15693843
  -2.4999378   -0.09759903   3.688755     0.11415819   0.45611596
   3.2978153    0.10718717  -0.13829118  -9.019637     0.10900684
   0.12076165   0.03388549]

Layer: output.weight
Values:
[[-1.012627   -1.5698073  -1.844363    0.7374142   1.9121941  -0.97793174
   1.9577411  -1.6592818  -1.1922834   1.8351407  -1.2830224  -0.9914946
  -0.7236611  -1.2251177  -1.5138415   1.5573583  -1.5213549  -1.8170083
  -2.456882   -1.8510643   2.0912385   1.1513844  -0.99306184 -1.3462098
   0.96417886 -1.2808449  -1.2639982   1.6312491   1.9299558  -1.2854552
  -1.4241045  -0.39939   ]]
Gradients:
[[   51.29766   -248.80498  -1261.5095    -534.09937     38.82562
     62.114056   -34.758984    82.5807      73.16259     10.011277
     47.370014    73.13923   -273.9642      66.78391     79.841576
   -832.47815     91.391205    33.43006     39.250492    65.92753
    -76.85934     21.849913  -642.61615     77.70381     25.920866
    -53.589546    71.34073     43.413204  -132.68616     84.06625
     73.114235    36.041622]]

Layer: output.bias
Values:
[1.426574]
Gradients:
[-8.47831]

