Layer: linear1.weight
Values:
[[ -0.38959596  -0.23958614   1.4871444  ...   2.4491813   -8.05703
    7.936119  ]
 [ -0.03811465  -0.02710753  12.448902   ...   0.31667066  -1.5357648
    2.066088  ]
 [ -0.28146794  -0.13185754 -13.060736   ... -13.630904    -6.8981557
    3.5382986 ]
 ...
 [ -0.19810183  -0.0199289    3.9290538  ...   1.9860027   -3.60013
    1.381695  ]
 [ -0.20671965   0.07968972  -0.8570742  ...   1.8052812   -6.389438
   14.304863  ]
 [  0.05827097  -0.25784978   3.7612853  ...  -0.81800026  -4.975063
    2.0490792 ]]
Gradients:
[[ 1.37960005e+01  4.31124926e+00  7.53536522e-02 ... -3.11720788e-01
   3.45307961e-02  1.77286312e-01]
 [-7.34822119e+03 -2.29631958e+03 -1.72341194e+01 ...  3.57925862e-01
  -2.80830622e+00 -5.08748322e+01]
 [ 2.00804779e+02  6.27515106e+01  5.31249106e-01 ...  1.27001727e+00
   2.86749244e-01  1.22413492e+00]
 ...
 [ 4.14792976e+01  1.29622850e+01  1.60665423e-01 ...  8.08361650e-01
  -2.58244313e-02  3.55202168e-01]
 [ 2.34704399e+01  7.33451223e+00  9.99846756e-02 ...  1.70765385e-01
  -2.89830193e-03  2.61047870e-01]
 [ 3.05735321e+01  9.55422783e+00  1.19447343e-01 ...  2.77792066e-01
   1.31984390e-02  2.32917875e-01]]

Layer: linear1.bias
Values:
[ 0.01254543 -0.07417078  0.06285945  0.25157794 -0.00685813 -0.3633534
  0.07389893  0.0898053  -0.31341985 -0.1775158  -0.22476946  0.10864364
 -0.06764138  0.04365481  0.13391173 -0.31932384 -0.13030395 -0.24791537
 -0.289858   -0.10660625 -0.10308357  0.33288234 -0.09781714  0.03847568
  0.03853744 -0.2696836  -0.3448022  -0.0557909  -0.35034484 -0.01054354
 -0.28628206 -0.25636673 -0.24345553  0.07785303 -0.03971785 -0.21605675
  0.02697009 -0.20103174 -0.19019046 -0.18227893  0.01026263 -0.19747916
 -0.16926426  0.02870803 -0.16478333 -0.05000486  0.31732863 -0.26328728
 -0.11039697 -0.17319617  0.03402577 -0.01802602 -0.20144822 -0.0230855
 -0.2838393  -0.2595681  -0.13564633 -0.18804008 -0.21610616 -0.17420316
  0.04289955 -0.09181013 -0.04224209 -0.25827608]
Gradients:
[ 3.44899893e-02 -1.83705540e+01  5.02012074e-01 -1.00312810e-02
 -1.59286332e+00  4.65296656e-02  6.31962866e-02  5.42835817e-02
  5.19318394e-02  6.37796298e-02  2.57700086e-02  9.84366536e-02
  1.15832433e-01 -6.73519745e-02  5.95718473e-02  6.59658551e-01
  5.89392260e-02  1.07063413e-01  2.06570357e-01  9.18387026e-02
 -4.86094877e-03 -4.23523569e+00  1.83557674e-01  9.27437097e-04
  3.69410247e-01  1.20380513e-01  1.09804735e-01  2.27468371e-01
 -4.74459715e-02  9.23104957e-02  5.45162106e+00  1.78535447e-01
 -7.82809019e-01 -2.33244486e-02  2.14156508e-03 -4.20295671e-02
 -1.21346416e+01 -4.98406887e-02  2.03734674e-02 -2.82763410e-02
  7.17444345e-02  1.49222046e-01  1.94997609e-01  1.36204258e-01
  4.84298915e-02  1.79628015e-01  1.37239428e+01  8.65568668e-02
 -7.20448047e-03  3.19142230e-02 -8.06246325e-03  7.79646486e-02
  1.73869858e+01  4.92400341e-02  1.86911784e-02  8.56749117e-02
  1.32647827e-01 -1.94425751e-02  8.19209591e-02  1.38092232e+01
  8.95803273e-02  1.03698298e-01  5.86760864e-02  7.64338151e-02]

Layer: linear2.weight
Values:
[[ 2.0006633  -0.50535196  1.015458   ...  1.5630076   1.4915516
   1.3022476 ]
 [-0.22665732  0.13461003 -0.78204215 ... -0.11339351 -0.05883788
  -0.17434722]
 [-0.31143072 -0.35045815 -0.5574556  ... -0.17622775 -0.49236426
  -0.15758072]
 ...
 [ 2.5503552  -1.2218285   1.6218027  ...  2.0641239   2.17896
   1.7074528 ]
 [ 1.3960717  -1.3251969   0.9134589  ...  1.4793099   1.2044197
   1.3415956 ]
 [ 0.81895113 -0.45177364  0.6064375  ...  0.85301435  0.89506614
   0.7623581 ]]
Gradients:
[[ 7.7053463e-01 -8.5914612e+00  6.5925002e-01 ...  6.3006884e-01
   3.7177622e-01  3.2238039e-01]
 [ 1.3697096e+02 -1.5042839e+03  1.1748966e+02 ...  1.0928823e+02
   6.5647606e+01  5.5824017e+01]
 [ 2.7856739e+01 -2.3628130e+02  3.4039307e+01 ...  2.0922377e+01
   1.2532576e+01  1.2670341e+01]
 ...
 [ 9.6130234e-01 -1.0718518e+01  8.2246590e-01 ...  7.8606027e-01
   4.6381992e-01  4.0219489e-01]
 [ 1.0717427e+00 -1.1949934e+01  9.1695607e-01 ...  8.7636787e-01
   5.1710647e-01  4.4840148e-01]
 [ 3.1495681e-01 -3.5117683e+00  2.6946908e-01 ...  2.5754127e-01
   1.5196392e-01  1.3177329e-01]]

Layer: linear2.bias
Values:
[-1.6587542   0.49562004  0.27371386 -0.07124257  0.08381179 -2.1293912
 -0.8028427  -2.3374293  -1.8923749  -0.6660245  -1.0314432  -1.8232968
  0.07674179 -2.110092   -1.9167998   0.08110308 -2.3276474  -0.81266737
 -0.95971256 -0.5288797   0.81851    -0.03210828 -0.61380124 -1.9594654
  0.42201567  0.5186266  -2.150329    0.09645531 -0.3979439  -2.0230043
 -1.5529621  -0.9679462 ]
Gradients:
[ -0.12535723 -22.335358    -4.50816      7.673397     0.20762932
  -0.12372886  17.414175    -0.20251545  -0.14623886   1.1629097
  -0.1593366   -0.1234057  -13.263035    -0.15243386  -0.18367037
   0.9199236   -0.18659022  -0.21184051  -0.28787744  -0.21691294
   1.7010841    0.33990768  -8.60358     -0.16598383   0.99356043
   2.3373365   -0.15674224   0.17740992  14.173282    -0.15639296
  -0.17436038  -0.05123989]

Layer: output.weight
Values:
[[-1.096391   -1.6975223  -1.9678633   0.8081134   1.8165002  -1.0821357
   2.3486686  -1.7713239  -1.2790525   1.63628    -1.3936328  -1.0792948
  -1.0467612  -1.3332311  -1.6064782   1.79201    -1.6320206  -1.8529361
  -2.517832   -1.8970906   2.2824528   0.984428   -0.95515656 -1.4517499
   0.9249848  -1.9241403  -1.3709152   1.5521367   2.0089555  -1.3678626
  -1.5250046  -0.44807625]]
Gradients:
[[ -57.95372   1076.7191     154.23146   1178.0779     -43.68948
   -67.05603    264.04755    -79.37941    -73.85286     -7.245608
   -41.881447   -73.83353   1075.59       -72.72057    -73.457756
     1.5261084  -84.21088    -26.109009   -56.61657    -33.801582
     9.199461   -23.740456   918.366      -77.6988      62.577133
   -50.133396   -74.3568     -45.474976   899.3939     -83.758575
   -71.82616    -37.36839  ]]

Layer: output.bias
Values:
[1.587474]
Gradients:
[11.432212]

