Layer: linear1.weight
Values:
[[ -0.3005738   -0.15056278  -0.8249119  ...   1.0848861   -1.8538189
    4.3906713 ]
 [ -0.05319525  -0.04218758   5.298969   ...   0.44581994  -0.37437463
    1.7689756 ]
 [ -0.24349798  -0.09388631  -5.6428137  ... -12.372083    -2.8740861
    3.3696382 ]
 ...
 [ -0.15804778   0.02012629   2.2361493  ...  -0.980232     0.21549621
   -1.3527555 ]
 [ -0.19257052   0.0938393   -3.3026998  ...   0.30213362  -1.1383309
    9.252214  ]
 [  0.08859708  -0.22752503   2.1620023  ...  -2.4130566   -0.68003523
    0.28283048]]
Gradients:
[[-9.0312233e+00 -2.8222573e+00  9.8661771e-03 ... -1.0969179e-01
  -9.3402550e-02 -3.2351546e-02]
 [ 9.6449432e+02  3.0140454e+02  1.1106554e+00 ...  2.6182632e+01
   7.6380143e+00  5.1135020e+00]
 [ 6.8303161e+00  2.1344740e+00 -3.4992266e-02 ... -2.1581581e-01
   1.8963251e-01  5.4686427e-02]
 ...
 [-1.8950015e+00 -5.9218854e-01  5.6997791e-02 ...  1.0488800e-01
   2.6405364e-02 -3.2469407e-02]
 [-3.3028167e-01 -1.0321337e-01  3.1255536e-02 ...  8.4924459e-02
  -2.1199025e-02 -1.1380099e-02]
 [-1.0198750e+01 -3.1871090e+00 -6.5873414e-03 ... -1.5620410e-01
  -3.9928190e-02 -1.9416215e-02]]

Layer: linear1.bias
Values:
[ 0.1015665  -0.08925172  0.10083057  0.23023605  0.00423786 -0.3603235
  0.09087517  0.13900548 -0.20139174 -0.1300724  -0.2279724   0.11449287
 -0.12462729  0.05530846  0.07795852 -0.26116985 -0.06869278 -0.22732428
 -0.2308867  -0.04757958 -0.08044212  0.32496062 -0.06819934 -0.02083959
  0.01158293 -0.2598156  -0.35375956 -0.04146586 -0.33950606  0.07680049
 -0.30296373 -0.2801992  -0.207376    0.11558997 -0.0705758  -0.15077594
  0.01826826 -0.15975364 -0.15202036 -0.15262955 -0.06682844 -0.15698116
 -0.14789817  0.04324386 -0.09852685 -0.09284082  0.30617666 -0.24674797
 -0.16883196 -0.02114588  0.03833348 -0.02354536 -0.21321402 -0.04516125
 -0.31001404 -0.31277773 -0.09145861 -0.10150621 -0.21442837 -0.19631997
  0.02860056 -0.05175476 -0.02809265 -0.22795099]
Gradients:
[-2.25780569e-02  2.41123605e+00  1.70757882e-02 -2.27490999e-03
  9.48542356e-01 -1.11028943e-02 -9.81247239e-03 -4.39983699e-03
  8.43616575e-03  6.01158664e-03 -2.45174672e-02 -2.57390104e-02
 -1.16055682e-02 -4.45217360e-03 -1.73691604e-02  1.31465048e-02
 -5.10578230e-03 -2.20857505e-02 -4.01669219e-02 -4.66639884e-02
 -2.76084729e-02 -3.28744459e+00 -9.08639003e-03 -4.58644554e-02
 -1.63864680e-02 -3.37306410e-05 -2.71985810e-02 -3.63703296e-02
  8.24380666e-04 -1.21594332e-02 -1.55536681e-01 -4.48417924e-02
  2.21144753e+01 -3.83797241e-03  8.33129510e-03  3.96829285e-03
  6.44362593e+00 -1.39923617e-02 -1.90300979e-02 -9.82833561e-03
 -5.30271232e-03 -6.49886429e-02 -2.62578055e-02 -5.26163243e-02
 -2.50553340e-02 -1.27692735e-02 -2.64990568e+00 -9.22902487e-03
 -1.33362394e-02 -9.27052593e+00 -8.76620412e-03  7.47756101e-04
  9.60834980e-01 -4.03723754e-02 -6.53742179e-02 -3.39541808e-02
 -3.06206737e-02 -6.79775747e-03 -2.05411054e-02 -1.14085131e+01
 -4.35852818e-02 -4.73750662e-03 -8.25705007e-04 -2.54968740e-02]

Layer: linear2.weight
Values:
[[ 9.5688784e-01 -4.7347397e-01  4.8758605e-01 ...  7.3522830e-01
   6.1710668e-01  8.0316287e-01]
 [-8.6721145e-03 -1.5119866e-01 -6.9415730e-01 ...  4.0819846e-02
   1.7636137e-01 -8.8610381e-02]
 [-1.4388077e-01 -2.4267903e-01 -2.3466735e-01 ... -5.9180263e-02
  -2.4946146e-01  1.1455470e-03]
 ...
 [ 1.5797985e+00 -1.1591262e+00  1.1266414e+00 ...  1.2861354e+00
   1.3640274e+00  1.2170026e+00]
 [ 4.5089290e-01 -1.2582120e+00  4.3803635e-01 ...  6.9229478e-01
   4.2198819e-01  8.1311172e-01]
 [-4.2004477e-02 -2.7611730e-01 -2.8948703e-01 ...  2.6267815e-01
   1.2194764e-01  2.4919827e-01]]
Gradients:
[[ 9.86106768e-02 -1.69805002e+00  1.47886902e-01 ...  1.67326152e-01
   8.06289464e-02  7.78663903e-02]
 [-1.92813416e+01  2.64343903e+02 -2.55279579e+01 ... -2.22264977e+01
  -1.53924208e+01 -1.05614119e+01]
 [ 2.04169121e+01 -4.07419983e+02  3.00286636e+01 ...  3.29150696e+01
   1.69799900e+01  1.49998064e+01]
 ...
 [ 1.29935801e-01 -2.23746061e+00  1.94865197e-01 ...  2.20479578e-01
   1.06241874e-01  1.02601744e-01]
 [ 1.52043715e-01 -2.61815357e+00  2.28020608e-01 ...  2.57993340e-01
   1.24318436e-01  1.20058998e-01]
 [ 1.50019098e-02 -2.58328944e-01  2.24984176e-02 ...  2.54557580e-02
   1.22662950e-02  1.18460283e-02]]

Layer: linear2.bias
Values:
[-0.78260785  0.3130745   0.08039021 -0.28858238 -0.00505264 -1.223428
 -0.7323693  -1.5104102  -1.0758511  -0.4889385  -0.22415496 -0.8754026
  0.16745512 -1.2584546  -1.0926683  -0.10970634 -1.5657452  -0.3183386
 -0.68577325 -0.11166415  0.6313602   0.00443703 -0.6369746  -1.1385969
  0.44650206  0.6171339  -1.3255454   0.01214884 -0.460389   -1.2035983
 -0.7637971  -0.15334173]
Gradients:
[-2.9310826e-02  5.1620355e+00 -6.1192503e+00  1.5434272e+00
  8.4798789e-01 -2.6881022e-02  2.0251030e-01 -5.2037995e-02
 -3.5235953e-02  7.4781999e-02 -4.5555852e-02 -2.8666832e-02
 -4.4672313e+00 -3.6460675e-02 -4.8176371e-02  4.0483747e+00
 -4.6633951e-02 -7.0455305e-02 -7.6994658e-01 -4.2927355e-01
  2.9801750e-01  6.2816143e-03 -2.6945481e+00 -4.1414090e-02
  3.6899960e+00  2.8660226e+00 -3.7723634e-02  5.5923569e-01
  2.1174021e+00 -3.8621843e-02 -4.5193154e-02 -4.4591352e-03]

Layer: output.weight
Values:
[[-0.72018576 -1.0345484  -0.99603146  0.35260183  1.4672174  -0.66049457
   1.6308604  -1.2784952  -0.8657359   1.8362648  -1.1193395  -0.7043677
  -0.4158428  -0.8958229  -1.1836395   1.410873   -1.1457422  -1.7311525
  -1.8949822  -1.0570587   0.527059    0.9809719  -0.702637   -1.0175009
   0.82740253 -0.98045164 -0.92684454  1.3767275   1.700067   -0.94890916
  -1.1103132  -0.10972369]]
Gradients:
[[-1.62802925e+01  1.72409042e+02  2.96556091e+02  3.47042725e+02
   5.87070560e+00 -1.88757725e+01 -3.95461535e+00 -2.72354565e+01
  -2.73859787e+01 -4.37372255e+00 -8.32851505e+00 -2.37169189e+01
   6.19829651e+02 -2.30524616e+01 -2.70132217e+01  8.27580566e+01
  -3.14723816e+01 -4.06715012e+00 -5.39440775e+00 -1.34330359e+01
  -1.24125565e+02  6.16457081e+00  3.24616272e+02 -2.88421459e+01
   8.23427200e+01  5.15361443e+01 -2.27403927e+01  3.60736072e-01
  -3.12360306e+01 -3.17157974e+01 -2.97737789e+01 -4.47223091e+00]]

Layer: output.bias
Values:
[0.65647393]
Gradients:
[4.0707436]

