Layer: linear1.weight
Values:
[[ -0.34571877  -0.1957091   -0.15092319 ...   2.0688026   -4.252717
    5.915084  ]
 [ -0.05687083  -0.04586345   6.3724713  ...  -0.1832676   -1.77653
    2.0911562 ]
 [ -0.24446823  -0.09485652  -6.1544995  ... -12.826406    -4.7369747
    3.62537   ]
 ...
 [ -0.15006317   0.02811024   2.520901   ...   0.84115213  -0.7581722
   -0.24831624]
 [ -0.225637     0.06077286  -2.962485   ...   1.4211714   -2.7458808
   11.481633  ]
 [  0.07227494  -0.24384753   2.2127957  ...  -1.781368    -2.1780827
    1.1780554 ]]
Gradients:
[[-2.3229141e+01 -7.2591057e+00 -1.0638927e-01 ... -1.8133389e-02
   5.7724468e-02 -3.5003684e-03]
 [-3.6132391e+02 -1.1291376e+02  1.5383618e+00 ...  1.2710726e+01
   7.4824200e+00 -3.8305435e+00]
 [-7.9572784e+01 -2.4866484e+01 -2.9125461e-01 ... -1.0930027e+00
  -2.3096310e-01 -2.3272727e-01]
 ...
 [-4.8170193e+01 -1.5053185e+01 -1.7711525e-01 ... -6.6990346e-02
  -2.7320448e-01 -1.7168190e-02]
 [-1.7091524e+01 -5.3410983e+00 -5.8631781e-02 ...  8.1323452e-02
   7.5590119e-02 -2.8780838e-02]
 [-2.8785866e+01 -8.9955826e+00 -9.7731680e-02 ... -4.4657674e-02
  -7.5609773e-02 -3.4361087e-02]]

Layer: linear1.bias
Values:
[ 0.05642108 -0.09292681  0.09986024  0.25043407  0.00156733 -0.3355524
  0.09325932  0.13344347 -0.26503062 -0.14590085 -0.24088547  0.10977264
 -0.08498777  0.0526875   0.0901179  -0.28299934 -0.08284312 -0.239875
 -0.21441907 -0.05706872 -0.06814569  0.3249249  -0.10596339 -0.04528444
  0.00588969 -0.35764718 -0.44875583 -0.0096288  -0.3230613   0.0463521
 -0.28977382 -0.32336864 -0.20787065  0.06185368 -0.0723514  -0.16479173
  0.02087289 -0.17526996 -0.17286983 -0.1386857  -0.06127331 -0.15693916
 -0.18068558  0.04007855 -0.13684577 -0.1058605   0.31118232 -0.27020252
 -0.19920269 -0.01849742  0.01712761 -0.0220664  -0.21267256 -0.06474228
 -0.32719633 -0.34403807 -0.13906221 -0.11162465 -0.21313639 -0.19686933
  0.03900211 -0.04377075 -0.06115906 -0.24427336]
Gradients:
[-5.80728427e-02 -9.03310180e-01 -1.98931888e-01 -8.00706521e-02
 -9.06308889e-02 -1.16079718e-01 -8.46458673e-02 -5.90652674e-02
 -5.11406474e-02 -8.48208517e-02 -6.88621178e-02 -3.33114788e-02
 -7.81329572e-02 -8.05311352e-02 -4.71007451e-03 -2.81003505e-01
 -5.38974702e-02 -6.91967830e-02 -1.08914696e-01 -4.72324230e-02
  8.64214636e-03 -2.09946785e+01 -3.31679508e-02 -5.07659093e-02
 -1.01369880e-01 -1.15183808e-01 -1.47432953e-01 -4.53831926e-02
 -9.17423815e-02 -7.43676201e-02 -3.47530508e+00 -1.31505951e-01
  2.98504887e+01 -5.30909002e-02 -5.80437407e-02 -6.22740090e-02
  6.17403984e+00 -3.45793702e-02 -1.32002793e-02 -5.34814112e-02
 -7.96599239e-02 -3.65097821e-03 -7.66805410e-02 -7.28829205e-02
 -2.09071450e-02 -1.39618710e-01 -2.55725632e+01 -3.54021415e-03
 -1.02407143e-01  3.44885778e+00 -4.44040447e-02 -2.28340030e-02
 -1.01792336e+01 -2.34901030e-02 -4.69533987e-02 -6.10477552e-02
  7.89903477e-03 -3.31650935e-02 -1.35821551e-02  1.83005829e+01
 -8.90833214e-02 -1.20425470e-01 -4.27287929e-02 -7.19646662e-02]

Layer: linear2.weight
Values:
[[ 1.4091978  -0.34749737  0.7818168  ...  1.1073067   1.0233781
   1.0916723 ]
 [-0.07827733 -0.16159879 -0.78716165 ...  0.04082622  0.1182901
  -0.13058014]
 [-0.25015646 -0.05398335 -0.4648272  ... -0.15391093 -0.36897296
  -0.11268989]
 ...
 [ 1.958402   -1.0401231   1.3389336  ...  1.607742    1.7071223
   1.4775516 ]
 [ 0.86567503 -1.1402397   0.6902633  ...  1.0322545   0.7886357
   1.0881156 ]
 [ 0.15417507 -0.5228316  -0.05589253 ...  0.47509602  0.3300927
   0.48560125]]
Gradients:
[[-5.9624863e-01  6.8372673e-01 -4.9903604e-01 ... -4.3881169e-01
  -4.3001375e-01 -2.6069519e-01]
 [-1.0687478e+02  1.9287721e+02 -8.6750366e+01 ... -8.0192619e+01
  -7.7072540e+01 -4.7130733e+01]
 [-6.0763882e+01  8.4829124e+01 -4.9359409e+01 ... -4.4875938e+01
  -4.4129532e+01 -2.6005203e+01]
 ...
 [-7.4960864e-01  8.5958695e-01 -6.2739235e-01 ... -5.5167776e-01
  -5.4061693e-01 -3.2774824e-01]
 [-8.2566333e-01  9.4679999e-01 -6.9104701e-01 ... -6.0765058e-01
  -5.9546751e-01 -3.6100125e-01]
 [-1.8218878e-01  2.0891851e-01 -1.5248470e-01 ... -1.3408262e-01
  -1.3139434e-01 -7.9657622e-02]]

Layer: linear2.bias
Values:
[-1.2442743   0.3586819   0.17379054 -0.25948024  0.0960019  -1.710704
 -0.77251095 -1.9065329  -1.4685794  -0.57080305 -0.66881174 -1.4041289
  0.14464472 -1.6809247  -1.4876697   0.01038435 -1.9604796  -0.48317683
 -0.7725492  -0.20112085  0.8378019   0.10172125 -0.6641398  -1.5328044
  0.38685733  0.6646528  -1.7879041   0.06747711 -0.5032138  -1.5974208
 -1.1874642  -0.34176534]
Gradients:
[  0.11576688  20.740662    11.802623    -0.9331556   -0.79023314
   0.11048748   0.16208017   0.18609373   0.13469398  -0.2551139
   0.14998107   0.11229462   3.4964356    0.13983968   0.17131764
  -6.649123     0.1668552    0.23551224 -10.299384   -10.877316
  -6.078628    -3.0667958    0.18455568   0.15267435  -3.959564
  12.735372     0.14380075  -0.67717934  -4.8013864    0.14554307
   0.16030976   0.03537355]

Layer: output.weight
Values:
[[-0.9367035  -1.4314926  -1.5264186   0.43240753  1.7842089  -0.89397407
   1.6119261  -1.5058614  -1.0898906   2.0641232  -1.2135588  -0.90858084
  -0.4939724  -1.1315254  -1.3862731   1.5992805  -1.3501748  -1.9063656
  -1.9664413  -1.3487208   0.84455514  0.91313404 -0.9443649  -1.2353894
   0.68585116 -1.4513314  -1.1635759   1.5286769   1.9968376  -1.1776795
  -1.2971692  -0.28607076]]
Gradients:
[[  30.046535  -376.92023   -336.7837     -27.676777   161.15233
    35.017014    10.5139475   46.717793    40.573208     8.978549
    21.109148    36.725807  -208.50145     39.55422     41.541412
  -236.82416     49.495068    13.879359    44.742393   231.70041
  -240.99828   -182.85777    105.94351     41.26801   -119.94944
  -138.29982     40.284637   164.16035    -16.74926     45.39167
    34.034763    13.129836 ]]

Layer: output.bias
Values:
[1.0609598]
Gradients:
[-12.356611]

