Layer: linear1.weight
Values:
[[-2.8751212e-01 -1.3750216e-01  3.5897040e-01 ...  2.6003199e+00
  -5.4855084e+00  6.3135114e+00]
 [-5.8320049e-02 -4.7312852e-02  6.7349920e+00 ... -7.3179514e-03
  -2.0255876e+00  1.9244716e+00]
 [-2.3141415e-01 -8.1802100e-02 -6.4035521e+00 ... -1.3128158e+01
  -4.9563437e+00  3.6124814e+00]
 ...
 [-1.3758032e-01  4.0592931e-02  2.4985831e+00 ...  1.2795711e+00
  -1.0048658e+00  2.5018411e-02]
 [-2.2564600e-01  6.0762987e-02 -2.6226237e+00 ...  1.8806825e+00
  -3.6607249e+00  1.1973003e+01]
 [ 9.5719911e-02 -2.2040263e-01  2.3890851e+00 ... -1.4832660e+00
  -2.8352747e+00  1.2555761e+00]]
Gradients:
[[ 2.3635971e+01  7.3862414e+00  1.9984923e-02 ... -3.8972279e-01
   9.8779686e-02  2.8507796e-01]
 [ 4.1144843e+02  1.2857762e+02 -1.4503081e-01 ...  1.1593081e+01
  -2.4795616e+00  7.1093667e-01]
 [-8.4390469e+00 -2.6372032e+00  9.7723521e-02 ... -2.4781805e-01
  -7.8796521e-02  6.0151905e-02]
 ...
 [ 8.1785828e+01  2.5558069e+01  3.0006477e-01 ...  5.3793734e-01
   4.3635917e-01  3.7041688e-01]
 [ 3.4304325e+01  1.0720100e+01  1.1361364e-01 ... -1.5866657e-01
   1.3113362e-01  2.3744538e-01]
 [ 3.8122055e+01  1.1913142e+01  1.1427717e-01 ...  1.1273825e-01
   1.7468622e-01  1.8174487e-01]]

Layer: linear1.bias
Values:
[ 0.11462805 -0.09437622  0.11291469  0.2373369  -0.00648153 -0.31583187
  0.09156985  0.16631036 -0.2824345  -0.12462222 -0.28699714  0.11105491
 -0.05223202  0.07321317  0.12198841 -0.27805752 -0.01975335 -0.22246073
 -0.21220472 -0.0358584  -0.07591617  0.32312354 -0.09390933 -0.01872967
  0.02177225 -0.36962706 -0.4463019   0.00068595 -0.34473115  0.03068797
 -0.28796083 -0.28662467 -0.20852165  0.05889319 -0.04363849 -0.16225572
  0.02253072 -0.1921795  -0.1788551  -0.14143611 -0.04528202 -0.15130006
 -0.16080575  0.02097613 -0.14123811 -0.09849235  0.31399262 -0.26335907
 -0.18382014 -0.01958435  0.01432001 -0.00337478 -0.20943175 -0.03911848
 -0.30137396 -0.31548694 -0.13835983 -0.12208239 -0.21312542 -0.1977777
  0.04074517 -0.03128796 -0.0611691  -0.2208284 ]
Gradients:
[ 5.90899363e-02  1.02862084e+00 -2.10976079e-02  4.34248373e-02
  1.88272327e-01  6.64262921e-02  5.11670932e-02 -4.16038707e-02
  1.34648681e-01  1.72676653e-01  3.10081542e-02  3.43097523e-02
  8.28422830e-02  2.98175532e-02  9.08111185e-02 -1.31853312e-01
  5.44571352e+00  1.77729744e-02 -1.07978806e-01 -6.53610080e-02
  9.39995982e-03 -4.85987997e+00  1.34631649e-01  9.07477736e-02
  6.46888837e-02  4.95609418e-02  8.99461508e-02 -6.17708415e-02
  7.68697262e-02  1.29409030e-01  1.41186047e+00 -3.77204269e-03
  2.47190070e+00  6.31856322e-02  2.08362378e-02 -6.40399456e-02
  9.40572548e+00  4.77194674e-02  7.27786943e-02 -1.48553075e-02
  7.09556341e-02  1.62744503e-02 -4.83009592e-02  5.31890430e-02
  2.76329499e-02  1.21375740e-01  5.07893467e+00  2.95482893e-02
  9.27606374e-02 -1.52117043e+01  4.69321050e-02  1.62271596e-02
 -7.63792157e-01 -4.91997525e-02  8.45394135e-02  1.50779895e-02
  6.77812472e-03 -1.24749886e-02  1.68108959e-02 -1.40370846e+01
  1.48457680e-02  2.04464555e-01  8.57608169e-02  9.53051448e-02]

Layer: linear2.weight
Values:
[[ 1.4838427  -0.38170922  0.8129471  ...  1.175711    1.0909386
   1.1694407 ]
 [-0.08150931 -0.1185923  -0.765966   ...  0.05216575  0.1148463
  -0.05719356]
 [-0.292871   -0.16876768 -0.52852124 ... -0.19570433 -0.41891778
  -0.11744475]
 ...
 [ 2.0342453  -1.0751642   1.3713099  ...  1.6774397   1.7759055
   1.5562297 ]
 [ 0.9419963  -1.175525    0.7231305  ...  1.1024389   0.85793716
   1.1671264 ]
 [ 0.27188694 -0.5251882   0.1450267  ...  0.5344135   0.45194814
   0.64049625]]
Gradients:
[[-7.43502053e-04 -5.97859621e-01  8.92382041e-02 ...  8.86885042e-04
   1.99683812e-02  9.14594904e-03]
 [-2.93465519e+01 -3.55967216e+01 -2.77180710e+01 ... -2.55113735e+01
  -2.86021500e+01 -1.21573133e+01]
 [ 3.40427322e+01 -8.48231888e+01  4.64637222e+01 ...  3.29662132e+01
   3.76695061e+01  1.69962559e+01]
 ...
 [-9.19895654e-04 -7.39669085e-01  1.10405125e-01 ...  1.09729136e-03
   2.47048549e-02  1.13153271e-02]
 [-1.00546330e-03 -8.08448017e-01  1.20671183e-01 ...  1.19930506e-03
   2.70020738e-02  1.23674590e-02]
 [-2.00057402e-04 -1.60871014e-01  2.40120608e-02 ...  2.38654204e-04
   5.37307467e-03  2.46096845e-03]]

Layer: linear2.bias
Values:
[-1.313007    0.35861593  0.2232619  -0.14984077  0.14302091 -1.7745873
 -0.7753272  -1.9775485  -1.5381367  -0.6244739  -0.738503   -1.4680427
  0.16173911 -1.7507552  -1.5582349   0.00594499 -2.0309484  -0.5127928
 -0.7390783  -0.24156862  0.8812429   0.12123627 -0.6509574  -1.6029614
  0.40308073  0.6705293  -1.8533684   0.0819715  -0.51381946 -1.6673732
 -1.2578921  -0.4768552 ]
Gradients:
[-2.9135421e-03  7.7999420e+00 -9.8916302e+00 -2.5521052e+00
  6.5743217e+00 -2.7906559e-03  3.7530315e+00 -4.5927614e-03
 -3.3513345e-03 -6.8533504e-01 -3.6488622e-03 -2.8076023e-03
  3.8056076e+00 -3.4927651e-03 -4.2038076e-03  1.1213097e+01
 -4.1031092e-03  5.8066869e-01 -1.4258342e+00  6.9981017e+00
  2.8832657e+00  7.8696260e+00  7.7592139e+00 -3.7712082e-03
 -2.8157773e+00 -9.9692974e+00 -3.5950001e-03  1.1063490e+00
 -2.1535511e+00 -3.6046244e-03 -3.9397739e-03 -7.8396639e-04]

Layer: output.weight
Values:
[[-0.9820761  -1.4401734  -1.6523566   0.37596777  1.8855966  -0.94070655
   1.5344753  -1.5477105  -1.129532    2.0923235  -1.2296356  -0.94641125
  -0.5299895  -1.1772078  -1.4166753   1.558441   -1.3827465  -1.7711128
  -2.1078923  -1.5714874   0.9406828   1.0618184  -0.929227   -1.2709965
   0.754382   -1.4823291  -1.2116492   1.6355152   2.0111113  -1.2148669
  -1.3278077  -0.2645198 ]]
Gradients:
[[   1.7194954 -334.51425    765.28723   -343.18292     29.779278
     3.9883173   36.10953     -2.627358     0.9507204  -13.622605
    -6.7082634    4.531464  -221.89766      2.5224628   -2.6893811
   466.11395     -4.443074   -14.079802    24.038652  -136.2481
   738.95404    436.29343    -21.155409     2.7977738  -34.780865
   762.08167      2.7151954  -20.601273   -10.044424     2.4130752
     5.868095     1.2248659]]

Layer: output.bias
Values:
[1.1359093]
Gradients:
[0.29684925]

