Layer: linear1.weight
Values:
[[ -0.336407    -0.18639731   0.09050768 ...   2.2925236   -4.90005
    6.1195855 ]
 [ -0.06346199  -0.05245467   6.5930924  ...  -0.11742647  -1.9656765
    1.9900961 ]
 [ -0.23612858  -0.08651659  -6.267988   ... -12.94376     -4.908232
    3.622539  ]
 ...
 [ -0.13955507   0.03861832   2.5274606  ...   1.0728093   -0.8176089
   -0.08881002]
 [ -0.22717144   0.05923781  -2.779838   ...   1.6685697   -3.2352061
   11.744579  ]
 [  0.11236888  -0.20375365   2.3770542  ...  -1.5594687   -2.6446147
    1.2689662 ]]
Gradients:
[[ 4.73970871e+01  1.48115921e+01  1.73961982e-01 ...  9.55547672e-03
   1.29311964e-01  2.29302555e-01]
 [-1.15415381e+03 -3.60673065e+02 -3.35028410e+00 ... -2.24383812e+01
  -2.19124436e+00 -6.64095163e+00]
 [ 1.18520805e+02  3.70377350e+01  3.40085626e-01 ... -7.04396665e-01
  -1.35097712e-01  9.78256941e-01]
 ...
 [ 4.26605606e+01  1.33314276e+01  8.96391571e-02 ... -6.36062503e-01
   5.72127476e-03  3.68777454e-01]
 [ 5.16983910e+01  1.61557465e+01  1.59253016e-01 ... -3.15514177e-01
   1.19600251e-01  2.38974035e-01]
 [ 1.95052528e+01  6.09539223e+00  4.87470180e-02 ... -3.31584215e-01
   2.28739642e-02  1.48708165e-01]]

Layer: linear1.bias
Values:
[ 0.06573299 -0.09951808  0.10820015  0.22659993  0.00074604 -0.3201847
  0.08920931  0.15712717 -0.27180535 -0.13437599 -0.25806305  0.10894901
 -0.06097385  0.07517713  0.11331794 -0.28012317 -0.05788193 -0.22092928
 -0.2129178  -0.06513862 -0.07683984  0.32295907 -0.09579942 -0.02346837
  0.01824199 -0.36088273 -0.44192687 -0.0068005  -0.3502904   0.04619569
 -0.29121497 -0.30306312 -0.20869449  0.06411492 -0.03983407 -0.14125113
  0.02472903 -0.20076472 -0.1612098  -0.12604545 -0.04922377 -0.15521923
 -0.17152633  0.01488917 -0.1195403  -0.09516396  0.31052807 -0.26098996
 -0.19386613 -0.01650036  0.01046925 -0.00777846 -0.20912659 -0.03526674
 -0.30687714 -0.32065827 -0.1278258  -0.09908035 -0.21821257 -0.19657171
  0.05184843 -0.03326263 -0.06269421 -0.20417944]
Gradients:
[ 1.18492708e-01 -2.88538456e+00  2.96301901e-01  2.09882874e-02
  1.42059207e+00  6.90000355e-02  5.33837602e-02  1.89909935e-02
  9.56059396e-02  8.54543075e-02  2.92177498e-02  1.04874432e-01
  1.18533209e-01  1.59115996e-04  1.09974965e-01  4.03237641e-01
  4.61073667e-02  1.31924063e-01  1.82252139e-01  1.07284095e-02
  7.34874159e-02  1.56649494e+01  1.82262346e-01  1.01681679e-01
  2.80388534e-01  2.16062427e-01  1.27547890e-01  2.17956483e-01
  6.79169148e-02  1.46876782e-01 -3.93494129e-01  1.76788822e-01
 -3.47724152e+01  6.75266236e-02  6.18556626e-02 -2.45542154e-02
  5.60081940e+01  4.24098894e-02  1.37737259e-01 -1.47511158e-03
  1.19481906e-01  2.08172858e-01  2.24846780e-01  1.38718784e-01
  7.94506669e-02  1.53316945e-01 -1.56925631e+01  8.79630968e-02
  4.65368107e-02  7.44177580e-01  4.87170592e-02  1.08359270e-01
  3.10631981e+01 -5.22041693e-04  1.09032020e-01  8.57978985e-02
  1.04949772e-01 -7.34996749e-04  6.16073981e-02  5.83722067e+00
  4.25128639e-02  1.06651418e-01  1.29245967e-01  4.87631261e-02]

Layer: linear2.weight
Values:
[[ 1.4603608  -0.35687125  0.8136638  ...  1.1555803   1.069776
   1.1902277 ]
 [-0.07384416 -0.15334433 -0.77297395 ...  0.05378308  0.12303603
  -0.05253738]
 [-0.2703064  -0.10554238 -0.48945385 ... -0.17151608 -0.39115667
  -0.06656259]
 ...
 [ 2.0101104  -1.0499068   1.3713447  ...  1.6566207   1.7540672
   1.576337  ]
 [ 0.9175642  -1.1501474   0.7228591  ...  1.0813383   0.8357888
   1.186945  ]
 [ 0.17825024 -0.5236235   0.08111248 ...  0.50384605  0.3625086
   0.7298862 ]]
Gradients:
[[ 1.43784672e-01  3.22319359e-01  1.96718536e-02 ...  1.25905782e-01
   1.06863387e-01  2.83400677e-02]
 [ 2.86089838e-01  5.86167336e+01 -9.40493298e+00 ... -1.28624547e+00
  -4.36608285e-01 -2.47447276e+00]
 [-2.75877762e+00  4.80007401e+01 -1.27506695e+01 ...  3.71212745e+00
  -1.88767648e+00  5.65833390e-01]
 ...
 [ 1.78673685e-01  4.00529206e-01  2.44452525e-02 ...  1.56456530e-01
   1.32793531e-01  3.52166928e-02]
 [ 1.95621029e-01  4.38519716e-01  2.67638676e-02 ...  1.71296492e-01
   1.45389065e-01  3.85570377e-02]
 [ 4.59720902e-02  1.03054680e-01  6.28966559e-03 ...  4.02556881e-02
   3.41672860e-02  9.06112604e-03]]

Layer: linear2.bias
Values:
[-1.2907742   0.35302615  0.19493116 -0.21332951  0.1319462  -1.7527028
 -0.779948   -1.9540753  -1.5154405  -0.5857702  -0.71565753 -1.4461089
  0.15707739 -1.7279332  -1.5349728   0.00678974 -2.0077324  -0.4884667
 -0.7370924  -0.22615008  0.86056787  0.11760877 -0.65731335 -1.5799251
  0.37844393  0.6669625  -1.8306813   0.08788097 -0.5034962  -1.6444563
 -1.2346781  -0.39519703]
Gradients:
[-3.02195735e-02  1.35974884e-02  4.38104868e-01  2.28365207e+00
 -1.00818977e+01 -2.89397091e-02  1.01840982e+01 -4.78571542e-02
 -3.48547325e-02  1.27087002e+01 -3.83308977e-02 -2.92048417e-02
 -3.55154753e-01 -3.62838246e-02 -4.39183451e-02 -2.74597454e+00
 -4.28155176e-02  1.14005186e-01  3.27081633e+00  4.70763159e+00
  5.00075817e-01 -4.78419018e+00 -5.03714466e+00 -3.93214747e-02
 -1.59380496e+00 -6.79955602e-01 -3.73296030e-02 -8.69184303e+00
  6.85274982e+00 -3.75522859e-02 -4.11141366e-02 -9.66206286e-03]

Layer: output.weight
Values:
[[-0.97094446 -1.4364579  -1.6132473   0.4075036   1.8231982  -0.92980546
   1.56861    -1.537672   -1.1198747   2.0978813  -1.2316566  -0.9383022
  -0.510328   -1.1657794  -1.4111111   1.5801995  -1.3756844  -1.8759748
  -2.0442796  -1.442423    0.90195894  0.96191084 -0.9625681  -1.2633713
   0.6842683  -1.471803   -1.1993783   1.5719036   1.9965695  -1.2065315
  -1.320922   -0.31035045]]
Gradients:
[[ -12.231788   401.37665   -140.86949    297.02835   -231.07396
   -14.677274   200.36377    -14.137536   -15.311324    95.97305
    -3.3577247  -17.18934    129.34386    -16.44711    -12.728873
  -244.49399    -15.232601    16.561878   -47.099495  -107.803
  -327.8843    -408.77527    198.16998    -16.667044   -76.135056
  -670.1883     -17.02524   -149.3155     476.02936    -18.390137
   -17.353518    -8.083925 ]]

Layer: output.bias
Values:
[1.1102896]
Gradients:
[3.1123946]

