Layer: linear1.weight
Values:
[[-2.89169073e-01 -1.39157027e-01 -1.09009838e+00 ...  2.42093325e-01
  -7.99018264e-01  3.67427397e+00]
 [-5.75808249e-02 -4.65731025e-02  4.79251862e+00 ...  8.04812193e-01
  -4.11521167e-01  9.91196513e-01]
 [-2.62018830e-01 -1.12407215e-01 -5.54005146e+00 ... -1.14256849e+01
  -2.33365297e+00  3.08089757e+00]
 ...
 [-1.93122372e-01 -1.49485553e-02  1.99198854e+00 ... -1.60754943e+00
   8.53973091e-01 -1.62192714e+00]
 [-1.50509536e-01  1.35900214e-01 -3.68855190e+00 ... -6.61697378e-03
  -4.06999886e-01  8.00077629e+00]
 [ 2.83036120e-02 -2.87818462e-01  2.19585419e+00 ... -2.69907808e+00
   3.60258192e-01 -1.12070963e-01]]
Gradients:
[[ 5.9621248e+00  1.8631641e+00  2.5639130e-02 ...  4.2606335e-02
   3.7081152e-02 -1.5465803e-03]
 [ 2.1132899e+02  6.6040352e+01  1.0741858e+00 ... -4.6002355e+00
   1.2474804e+00 -2.8244414e+00]
 [-3.5532112e+01 -1.1103784e+01 -1.3513575e-01 ... -1.2618472e-01
  -1.8840927e-01 -1.3029496e-01]
 ...
 [ 6.4808226e+00  2.0252576e+00  7.0145177e-03 ...  1.7363977e-01
   3.0493326e-03  2.9492382e-02]
 [-7.3936358e-02 -2.3104960e-02  7.2045983e-03 ...  5.9010372e-03
   2.8109422e-02 -1.9272780e-02]
 [ 3.1031013e+00  9.6971899e-01  1.3973012e-03 ...  8.9545205e-02
   2.3314469e-03 -6.5170871e-03]]

Layer: linear1.bias
Values:
[ 0.11297224 -0.09363762  0.08230969  0.20924406 -0.0029581  -0.37601689
  0.05498255  0.09083053 -0.15701184 -0.16156736 -0.22641614  0.12700146
 -0.14441054  0.04922115  0.03839902 -0.2579827  -0.14635803 -0.21113367
 -0.21898308 -0.04029151 -0.13366257  0.3260894  -0.10281388  0.00966687
  0.00105355 -0.21015109 -0.29206836 -0.07128775 -0.33801273  0.07510686
 -0.31605184 -0.28498825 -0.209889    0.08171939 -0.09695433 -0.1677689
  0.01700218 -0.15584077 -0.13632792 -0.18916652 -0.06147682 -0.12473252
 -0.09792247  0.06529084 -0.09557797 -0.11114403  0.30334648 -0.22385882
 -0.17514114 -0.02635665  0.01297545 -0.03363245 -0.21203165 -0.09290224
 -0.30726624 -0.32022095 -0.10832278 -0.11859404 -0.2115885  -0.19793624
  0.03081762 -0.08682977  0.01396837 -0.28824466]
Gradients:
[ 1.4905311e-02  5.2832270e-01 -8.8830270e-02  1.8689221e-02
 -4.4718653e-02 -4.9088739e-02 -3.5997551e-02 -4.9704194e-02
 -5.5154916e-03 -1.5500473e-03  8.0315443e-03  8.0442894e-03
 -1.3381146e-02  8.9186225e-03  7.8730315e-02 -1.7078575e-01
  3.3621669e-02 -1.3759138e-02 -7.1160406e-02 -2.2010798e-02
  4.0002923e-02 -5.1314144e+00  3.1923823e-02  6.2527835e-02
  7.4546039e-03 -5.3520873e-02 -6.0755216e-02  8.8775903e-04
 -2.4360577e-03  4.0104028e-02  3.6359346e-03 -4.6827249e-02
  1.1138992e+01  5.9273639e-03 -1.2222073e-02 -3.7949674e-02
 -1.5256494e+01  1.2116205e-02  6.6081837e-02 -3.4686923e-02
 -1.8450608e-02  2.5405083e-02 -4.1023187e-02  3.7099873e-03
  3.5453100e-02 -3.8994834e-02  2.0059636e+00  2.9261168e-02
 -5.6031793e-02  1.8380835e+00  5.4060812e-03 -6.0448535e-02
  1.1577747e+01 -4.3093674e-02  7.0130438e-02 -3.4219861e-02
  2.8674128e-02  1.6328108e-02  3.7349429e-02  4.1328249e+00
 -3.2262720e-02  1.6202059e-02 -1.8483936e-04  7.7577536e-03]

Layer: linear2.weight
Values:
[[ 6.1011535e-01 -3.6278549e-01  3.8305140e-01 ...  3.9733219e-01
   2.8020650e-01  5.2569956e-01]
 [-4.4228908e-02 -7.6892257e-02 -5.7925719e-01 ... -4.1045196e-04
   1.4110596e-01 -9.4167978e-02]
 [-7.4524418e-02  7.6383375e-02 -3.4202971e-02 ...  3.2885525e-02
  -1.4831378e-01  1.2019678e-01]
 ...
 [ 1.2534033e+00 -1.0525588e+00  1.0215790e+00 ...  9.7107172e-01
   1.0384831e+00  9.5102763e-01]
 [ 1.2360650e-01 -1.1511227e+00  3.3100554e-01 ...  3.6835203e-01
   1.0352423e-01  5.4782200e-01]
 [-1.6526274e-01 -3.0744877e-01 -3.2263577e-01 ...  1.6817971e-01
  -1.0181177e-02  1.7133975e-01]]
Gradients:
[[-3.46438587e-01  1.14657986e+00 -3.85867625e-01 ... -4.97396320e-01
  -1.77272201e-01 -3.26126307e-01]
 [-3.86606064e+01  1.37108444e+02 -4.34749107e+01 ... -5.72248077e+01
  -1.96720581e+01 -3.72566109e+01]
 [-3.34349480e+01  1.10569420e+02 -3.66874390e+01 ... -4.61077843e+01
  -1.71745129e+01 -3.04123936e+01]
 ...
 [-5.78455448e-01  1.91446745e+00 -6.44291282e-01 ... -8.30512762e-01
  -2.95994967e-01 -5.44539809e-01]
 [-7.46239364e-01  2.46976852e+00 -8.31170917e-01 ... -1.07140708e+00
  -3.81849766e-01 -7.02486157e-01]
 [ 7.50431605e-03 -1.73566453e-02  8.28931201e-03 ...  1.03572635e-02
   3.90230585e-03  6.89213909e-03]]

Layer: linear2.bias
Values:
[-0.4269762   0.353826    0.01140192 -0.32005465 -0.07472657 -0.87205863
 -0.71200484 -1.1860126  -0.748592   -0.47495183 -0.01868005 -0.52581596
  0.18266371 -0.9292384  -0.7679608  -0.15625934 -1.2408447  -0.2795869
 -0.6487989  -0.07946172  0.5644345  -0.07903625 -0.5716269  -0.8114436
  0.35231873  0.5835935  -0.99696475 -0.05899505 -0.4175881  -0.8757905
 -0.42764726 -0.04966676]
Gradients:
[ 9.6164890e-02  1.0890253e+01  9.1278524e+00 -4.4834032e+00
 -7.0586169e-01  8.6687356e-02 -4.3868628e-01  2.4084698e-01
  1.3844672e-01 -4.8276779e-01  2.0180085e-01  9.9058658e-02
  7.0520582e+00  1.4434800e-01  2.1999481e-01 -1.6154742e+00
  2.1087205e-01  3.3823285e-01  3.9415624e+00 -5.0302649e-01
 -3.4351728e+00 -1.1495658e+00  1.6892564e-01  1.7834525e-01
 -7.2679430e-01  4.6497126e+00  1.5266031e-01 -5.0223720e-01
 -6.7332160e-01  1.6056848e-01  2.0714214e-01 -2.0379350e-03]

Layer: output.weight
Values:
[[-0.38477516 -0.76452047 -0.8227979   0.34764796  1.359759   -0.3468765
   1.7523683  -0.96254265 -0.55355394  1.9285057  -0.8063123  -0.39626548
  -0.47502667 -0.57717353 -0.8792549   1.3556373  -0.8428102  -1.3512354
  -1.4934571  -0.89039916  0.27278674  0.92406553 -0.52155614 -0.71294236
   0.34879702 -0.5204803  -0.61038804  1.3351752   1.5907865  -0.6419422
  -0.8278932   0.00523031]]
Gradients:
[[ 2.5732000e+01 -1.5740646e+02 -2.7707605e+02 -9.0186768e+01
   5.5491438e+00  3.5449368e+01  1.5604095e+01  6.5676338e+01
   5.4782497e+01  1.4826257e+01  1.7518650e+01  4.1674583e+01
  -6.0546698e+02  4.9253796e+01  5.5729950e+01 -4.2457653e+01
   7.1401215e+01  2.4500166e+01  1.9326284e+01  2.1240223e+01
  -2.6349744e+02 -4.7225159e+01  2.3175894e+01  5.6175373e+01
   4.9688711e+00 -1.9422304e+02  4.9450764e+01  1.9485537e+01
   4.0035295e-01  6.5038940e+01  4.1843807e+01  9.4974194e+00]]

Layer: output.bias
Values:
[0.32088652]
Gradients:
[-25.038519]

