Layer: linear1.weight
Values:
[[-3.7128720e-01 -2.2127673e-01  1.4157823e+00 ...  2.3503594e+00
  -7.5224967e+00  7.7864494e+00]
 [-2.7592512e-02 -1.6585307e-02  1.1697380e+01 ...  2.7806225e-01
  -1.5764291e+00  1.9848139e+00]
 [-2.7811420e-01 -1.2850316e-01 -1.2283451e+01 ... -1.3502337e+01
  -6.5085402e+00  3.5933681e+00]
 ...
 [-1.8704380e-01 -8.8707944e-03  3.9199939e+00 ...  1.7948699e+00
  -2.9450762e+00  1.2849605e+00]
 [-2.1581455e-01  7.0594557e-02 -9.7607118e-01 ...  1.7505288e+00
  -5.6691394e+00  1.4080880e+01]
 [ 8.9258119e-02 -2.2686318e-01  3.7605340e+00 ... -8.2638556e-01
  -4.4381914e+00  1.9955915e+00]]
Gradients:
[[ 2.21125107e+01  6.91016006e+00  2.82536801e-02 ...  2.39895925e-01
   7.87018538e-02  3.11360545e-02]
 [ 2.88043506e+03  9.00136292e+02  1.60775614e+00 ...  3.09861965e+01
   1.20929680e+01  1.53527987e+00]
 [-7.14701920e+01 -2.23344383e+01  2.78259777e-02 ... -9.74802852e-01
  -4.62095737e-01  2.40872979e-01]
 ...
 [ 5.56719589e+01  1.73974857e+01  1.26189828e-01 ...  4.45992470e-01
   2.00935796e-01  2.72485703e-01]
 [ 4.22450790e+01  1.32015896e+01  9.44851562e-02 ...  3.22004288e-01
   1.22495264e-01  2.06201553e-01]
 [ 2.40057316e+01  7.50179243e+00  5.28279096e-02 ...  1.60779700e-01
   7.06538484e-02  1.03573054e-01]]

Layer: linear1.bias
Values:
[ 0.03085465 -0.0636487   0.06621354  0.22418804 -0.0017038  -0.2975035
  0.06579267  0.05969044 -0.2858403  -0.13925877 -0.23939723  0.09302748
 -0.03591754  0.05980567  0.12802234 -0.32475868 -0.09010449 -0.24746886
 -0.30635753 -0.12919395 -0.1090138   0.34444404 -0.09146051  0.03506944
  0.04804464 -0.2869408  -0.36363268 -0.06406741 -0.32549345  0.04428135
 -0.2875457  -0.2699135  -0.23953757  0.07071974 -0.02584017 -0.20564827
  0.02159146 -0.21890892 -0.1665124  -0.17412429  0.0074466  -0.18138668
 -0.16000335  0.01546029 -0.16338496 -0.04852028  0.31635055 -0.27892092
 -0.14957842 -0.19890903  0.02559077 -0.0113262  -0.20443214 -0.01685228
 -0.27572766 -0.27918226 -0.15466574 -0.18024413 -0.21960188 -0.17122184
  0.01823195 -0.08075212 -0.05133732 -0.22728948]
Gradients:
[ 5.52812815e-02  7.20108843e+00 -1.78675532e-01  2.29541771e-03
  2.23706222e+00  2.32075676e-02 -4.70899902e-02 -3.18863511e-01
  9.72695351e-02  1.02907330e-01 -1.12621430e-02 -2.08548158e-02
  1.10233007e-02  1.00826137e-02  9.59376097e-02 -1.72535837e-01
  5.56622371e-02  2.15247944e-02 -2.71683156e-01 -2.21199274e-01
  4.84853908e-02 -1.16944942e+01  1.08018517e-01  1.50157809e-01
  7.98147917e-02  3.87822278e-02  5.13077676e-02 -1.17047071e-01
  6.50791153e-02  1.41709477e-01 -5.81616545e+00 -5.10228798e-03
  4.20373738e-01  2.67622750e-02  2.50750408e-03 -1.95017666e-01
  1.58451004e+01  1.98999345e-02  7.45325387e-02 -1.20921992e-01
  4.06491980e-02  4.34020683e-02  1.94849819e-02 -1.94479469e-02
  3.05529814e-02  3.46223786e-02 -2.39875431e+01  5.31206205e-02
  1.47877168e-02 -1.86328620e-01  2.23798677e-04 -2.64929645e-02
  4.92099380e+00 -1.00351900e-01  1.37682348e-01 -8.37421045e-04
  2.69977376e-03 -2.73398161e-02  2.68283989e-02 -9.74969482e+00
 -7.80394375e-02  1.39179900e-01  1.05612725e-01  6.00143261e-02]

Layer: linear2.weight
Values:
[[ 1.9036577  -0.51073766  0.91501856 ...  1.5175757   1.4094784
   1.3399935 ]
 [-0.22277042  0.18424352 -0.81785315 ... -0.11525729 -0.05752638
  -0.18710996]
 [-0.31413913 -0.34396562 -0.5475546  ... -0.19269872 -0.493686
  -0.16407335]
 ...
 [ 2.452681   -1.2262069   1.5206681  ...  2.0176346   2.0960026
   1.7447627 ]
 [ 1.3620555  -1.3276056   0.8740796  ...  1.4439898   1.1798398
   1.3574098 ]
 [ 0.72615725 -0.4618655   0.510334   ...  0.812639    0.8175749
   0.8059286 ]]
Gradients:
[[-5.9113622e-01  5.8459654e+00 -4.7396019e-01 ... -4.5148674e-01
  -3.6107424e-01 -1.8487294e-01]
 [-6.9506432e+01  5.8156763e+02 -5.5603642e+01 ... -5.2222958e+01
  -4.2601112e+01 -2.2371313e+01]
 [-4.9730747e+01  8.5908295e+02 -4.1603367e+01 ... -4.1944092e+01
  -3.0743717e+01 -1.5837478e+01]
 ...
 [-7.3660463e-01  7.2845612e+00 -5.9059370e-01 ... -5.6258982e-01
  -4.4992843e-01 -2.3036702e-01]
 [-8.0774629e-01  7.9881053e+00 -6.4763349e-01 ... -6.1692512e-01
  -4.9338287e-01 -2.5261605e-01]
 [-2.5633150e-01  2.5349579e+00 -2.0552106e-01 ... -1.9577605e-01
  -1.5657093e-01 -8.0165580e-02]]

Layer: linear2.bias
Values:
[-1.5633732   0.49394968  0.27134547 -0.06061808  0.10351545 -2.0341086
 -0.7827808  -2.2407017  -1.796464   -0.67595613 -0.9982911  -1.7279829
  0.0822249  -2.014099   -1.8202857   0.09834264 -2.2937925  -0.71580374
 -0.9244327  -0.43189144  0.85064507  0.03135052 -0.6258943  -1.8632144
  0.40300247  0.49084717 -2.1171286   0.13826735 -0.39078864 -1.9268876
 -1.5192648  -0.8771166 ]
Gradients:
[ 0.0941772  10.762516    8.341117   -5.7721214  -0.15654927  0.09110066
  4.8829136   0.1497539   0.10954833 -0.14400417  0.1177959   0.0921098
 -1.7155762   0.11246774  0.13700382 -2.4215922   0.1376043   0.16027558
  0.2142736   0.16071829 -0.3986948  -0.09094067  7.6053333   0.12261038
  1.3552957   1.1352086   0.11557771 -0.13344821 14.603704    0.11735263
  0.1286866   0.04083762]

Layer: output.weight
Values:
[[-1.1057725  -1.6356841  -1.9379926   0.7892244   1.8382672  -1.069641
   2.168154   -1.7583266  -1.2862548   1.6904669  -1.3831487  -1.0814793
  -0.93400633 -1.3205178  -1.6086309   1.7484468  -1.615681   -1.8819894
  -2.5155435  -1.886994    2.2484312   1.0674706  -0.9655725  -1.4396015
   0.9969804  -1.5692124  -1.3570266   1.5670272   1.9484013  -1.3778753
  -1.510909   -0.4795175 ]]
Gradients:
[[ 3.5399029e+01  6.4207184e+02 -2.5977536e+02  4.9908655e+02
   7.2962964e-01  3.9372269e+01  7.3396431e+01  5.8830997e+01
   4.8426105e+01  1.5394522e+01  4.0862659e+01  4.2620773e+01
   8.3860303e+02  4.4144386e+01  5.4742676e+01 -1.7058525e+02
   6.2332249e+01  3.2185265e+01  5.2169132e+00  2.0607273e+01
  -4.9148563e+01  7.5030832e+00  1.6145970e+02  4.8339893e+01
   2.5284286e+02 -1.8023375e+01  4.5081505e+01 -3.6583858e+00
   6.9876208e+02  5.2132851e+01  3.9306110e+01  2.3727987e+01]]

Layer: output.bias
Values:
[1.5501508]
Gradients:
[-8.517238]

