Layer: linear1.weight
Values:
[[-3.4503198e-01 -1.9502141e-01 -5.9709764e-01 ...  1.5074689e+00
  -2.9657171e+00  5.1788917e+00]
 [-5.1952474e-02 -4.0944882e-02  5.8436861e+00 ... -5.9601218e-03
  -9.7328556e-01  2.1602554e+00]
 [-2.6050928e-01 -1.1089721e-01 -5.9713287e+00 ... -1.2538798e+01
  -3.8803506e+00  3.5852911e+00]
 ...
 [-1.2659732e-01  5.1576227e-02  2.4734797e+00 ...  6.0660592e-03
  -1.5479584e-01 -7.7201414e-01]
 [-2.0886891e-01  7.7540852e-02 -3.2238338e+00 ...  6.8101931e-01
  -1.8679937e+00  1.0445344e+01]
 [ 6.6452377e-02 -2.4966939e-01  2.0909424e+00 ... -2.2114882e+00
  -1.5134028e+00  7.2358125e-01]]
Gradients:
[[-2.3998413e+00 -7.4995148e-01 -9.8687738e-02 ... -1.3565062e-01
   6.9556549e-02 -1.3349459e-02]
 [ 2.7755563e+02  8.6736115e+01 -6.2429065e-01 ...  1.1371538e+01
   8.4376872e-01 -1.2559320e+01]
 [ 2.2150751e+02  6.9221100e+01  3.8417685e-01 ...  1.0301740e+00
   1.3653268e+00  1.4897912e+00]
 ...
 [ 1.8816525e+01  5.8801632e+00 -8.2704984e-02 ... -3.1573641e-01
   2.1657030e-01  2.5728592e-01]
 [-5.2113070e+00 -1.6285331e+00 -8.3542824e-02 ... -3.4688514e-01
   4.5832403e-02 -1.4247306e-02]
 [ 9.1392536e+00  2.8560178e+00 -7.5898036e-02 ... -2.1375774e-01
   1.2633651e-01  9.6204758e-02]]

Layer: linear1.bias
Values:
[ 0.05710785 -0.0880089   0.08381956  0.2482092  -0.00407245 -0.32360122
  0.07739084  0.14234142 -0.2491501  -0.12609604 -0.24151218  0.10938892
 -0.1293814   0.05902888  0.08272988 -0.28455508 -0.07749616 -0.24223053
 -0.23599915 -0.0879824  -0.09189069  0.32470396 -0.0804632  -0.05800418
 -0.00838604 -0.3229541  -0.4251921  -0.04773902 -0.32887328  0.04616956
 -0.29351383 -0.32390183 -0.20738374  0.0980324  -0.05576218 -0.14602074
  0.02220754 -0.19324152 -0.1622232  -0.15550202 -0.07753515 -0.17490017
 -0.1774416   0.04707901 -0.12681776 -0.12283845  0.30939668 -0.24966751
 -0.19008617 -0.01868725  0.00559999  0.02154409 -0.21028638 -0.06025538
 -0.3394471  -0.31082878 -0.11528578 -0.12630071 -0.20879905 -0.19640677
  0.03355596 -0.02030477 -0.04439118 -0.2500954 ]
Gradients:
[-5.99961542e-03  6.93888962e-01  5.53768814e-01  2.05814093e-03
  2.60052538e+00  1.83429606e-02  3.08566466e-02  5.14015630e-02
 -2.05382612e-02 -1.71484742e-02 -3.00269667e-02  1.21678039e-02
  1.07237048e-01 -3.27254087e-03  1.14191279e-01  7.58534849e-01
 -2.87052384e-03  4.84213680e-02  2.78300345e-01  8.05760249e-02
  1.01595074e-01  1.89895809e+00  2.30402187e-01 -1.97068676e-02
  4.24658835e-01  9.27755013e-02  7.26300329e-02  2.84976214e-01
  1.49247795e-03  1.15969688e-01  1.76616931e+00  1.87079057e-01
 -3.56603966e+01  4.52308021e-02 -8.37748870e-04 -7.55701074e-03
  2.15844574e+01  4.20606509e-02  4.69634533e-02  4.68721651e-02
  1.43962260e-02  1.69232547e-01  1.87674582e-01  5.60922697e-02
  7.64775276e-03  1.50979340e-01  1.06002769e+01  2.29766238e-02
 -1.62674915e-02  3.98648787e+00  7.74829183e-03  5.57111651e-02
  3.50268326e+01  2.29764245e-02 -5.06467558e-03  1.51068680e-02
  6.27494603e-02  1.57252997e-02  2.18790714e-02  4.92592239e+00
  1.54300034e-03  4.70413081e-02 -1.30282734e-02  2.28481404e-02]

Layer: linear2.weight
Values:
[[ 1.2205744  -0.40374738  0.68482345 ...  0.95955217  0.84772253
   0.99429727]
 [-0.06436023 -0.20234478 -0.77266884 ...  0.03418221  0.13154386
  -0.11657856]
 [-0.22052202 -0.10918593 -0.39915332 ... -0.12277167 -0.33051962
  -0.08571836]
 ...
 [ 1.7912846  -1.0943494   1.2670683  ...  1.4874955   1.5617572
   1.3924805 ]
 [ 0.6982116  -1.1937      0.6179173  ...  0.9115399   0.6426698
   1.0023515 ]
 [ 0.00268064 -0.46554297 -0.17262049 ...  0.38203773  0.17476816
   0.3867556 ]]
Gradients:
[[ 5.77299714e-01 -2.28394794e+00  4.34676558e-01 ...  3.66757035e-01
   3.48221242e-01  2.57851958e-01]
 [ 1.19829636e+02 -7.21528015e+02  1.02169296e+02 ...  8.13588333e+01
   7.54127884e+01  5.78829689e+01]
 [-9.54756737e+00  2.13214890e+02 -1.66807270e+01 ... -7.70537138e+00
  -7.52260828e+00 -6.17704916e+00]
 ...
 [ 7.35577524e-01 -2.91013789e+00  5.53851902e-01 ...  4.67310727e-01
   4.43693042e-01  3.28547120e-01]
 [ 8.27026904e-01 -3.27193403e+00  6.22708082e-01 ...  5.25408089e-01
   4.98854101e-01  3.69393051e-01]
 [ 1.65394098e-01 -6.54342651e-01  1.24533147e-01 ...  1.05074480e-01
   9.97640193e-02  7.38735944e-02]]

Layer: linear2.bias
Values:
[-1.0524178   0.35516435  0.15077193 -0.28553206  0.04916807 -1.4788488
 -0.7686311  -1.7394103  -1.3032684  -0.54302144 -0.4763971  -1.172961
  0.09412389 -1.5154169  -1.3211231  -0.05626635 -1.7940986  -0.40671924
 -0.75849134 -0.14586169  0.76111346  0.08310811 -0.66522634 -1.3666956
  0.40244785  0.62188345 -1.5825193   0.03392158 -0.4770647  -1.4315106
 -1.0211835  -0.20140089]
Gradients:
[-1.1324501e-01 -2.4040787e+01  2.1509099e+00  4.1011162e+00
 -3.2067323e-01 -1.0649938e-01  1.0739531e+01 -1.8727396e-01
 -1.3310966e-01  1.1245267e+01 -1.5701339e-01 -1.1077731e-01
 -4.2321630e+00 -1.3734397e-01 -1.7351365e-01 -4.8238773e+00
 -1.6876516e-01 -2.4601153e-01 -3.6223094e+00 -2.9159896e-02
  1.1639595e-03 -1.0738432e+00 -1.0642949e+01 -1.5256932e-01
  5.4984980e+00  2.8295536e+00 -1.4098479e-01  3.4555111e-02
  2.3131664e+01 -1.4429337e-01 -1.6223231e-01 -3.2444257e-02]

Layer: output.weight
Values:
[[-0.8653265  -1.3135389  -1.2522404   0.43488255  1.666242   -0.8137354
   1.7013147  -1.4309787  -1.0170976   1.9382893  -1.1999905  -0.8464119
  -0.37101194 -1.0494217  -1.3258464   1.5119786  -1.2895607  -1.8798733
  -1.8702121  -1.2170364   0.73170173  0.9340395  -0.87286973 -1.1657473
   0.769694   -1.3458587  -1.0772278   1.4429723   1.7862508  -1.1025189
  -1.2395152  -0.24694045]]
Gradients:
[[ -32.016766  1043.7738    -480.34995    382.1023     -23.510227
   -38.83713    113.49635    -47.11614    -44.288586    12.693185
   -12.71787    -42.594055   238.42894    -44.945133   -40.731228
  -182.70311    -50.344906    -3.1815138  -44.394115    -8.542581
  -113.02956    -42.488747   455.97055    -46.8068     130.11104
  -236.51904    -46.022354   -31.091028   429.7669     -51.422916
   -43.96223    -16.257359 ]]

Layer: output.bias
Values:
[0.8891027]
Gradients:
[13.088418]

