Layer: linear1.weight
Values:
[[ -0.34015518  -0.19014503  -0.71128273 ...   1.4432399   -2.5513933
    4.87471   ]
 [ -0.05462498  -0.04361739   5.724396   ...   0.1358774   -0.7672246
    2.0622532 ]
 [ -0.25742394  -0.10781182  -5.9079127  ... -12.59124     -3.4550018
    3.5506947 ]
 ...
 [ -0.14344321   0.03473031   2.340359   ...  -0.28216976  -0.0716256
   -1.0048065 ]
 [ -0.2145699    0.07183965  -3.309934   ...   0.58385694  -1.6506414
    9.996962  ]
 [  0.05582135  -0.26030087   2.0080435  ...  -2.236041    -1.2213813
    0.47909096]]
Gradients:
[[ 9.9108515e+00  3.0971403e+00  2.5275059e-02 ...  3.5581729e-01
   1.0562268e-01 -4.0576058e-03]
 [-3.5120538e+02 -1.0975168e+02 -5.5673325e-01 ... -9.5340061e+00
  -4.8433280e+00 -2.7730346e+00]
 [-8.1368561e+01 -2.5427673e+01 -9.9529952e-02 ... -4.3523467e-01
  -9.0267614e-02 -7.0023590e-01]
 ...
 [-1.9216248e+01 -6.0050769e+00 -9.7114556e-02 ...  2.6196629e-01
   1.8503381e-02 -9.7297102e-02]
 [-6.6149530e+00 -2.0671730e+00 -3.6131114e-02 ...  1.3225862e-01
   1.6729414e-02 -2.9439304e-02]
 [-1.1633829e+01 -3.6355717e+00 -4.3993946e-02 ...  9.4832331e-02
   1.1447826e-03 -6.1636932e-02]]

Layer: linear1.bias
Values:
[ 0.06198464 -0.09068141  0.08690493  0.23909518  0.00489094 -0.3553547
  0.05480997  0.13057196 -0.20820653 -0.13596013 -0.25422195  0.11634063
 -0.13242227  0.05301157  0.07061203 -0.2769407  -0.0504489  -0.25033224
 -0.23371601 -0.04908377 -0.09121883  0.32379112 -0.07955735 -0.06230828
 -0.00787186 -0.3101326  -0.41055194 -0.05290588 -0.34117663  0.04534102
 -0.30585063 -0.3199766  -0.20678909  0.09560656 -0.07121348 -0.1591111
  0.02052937 -0.17370829 -0.15094776 -0.17361589 -0.08288368 -0.17972293
 -0.17560898  0.06663212 -0.11529139 -0.1154774   0.307826   -0.2575882
 -0.17934243 -0.02017958  0.03250396 -0.01843552 -0.21252051 -0.03859169
 -0.34543747 -0.30743983 -0.1120275  -0.15397003 -0.20514572 -0.19621521
  0.0366441  -0.03715074 -0.05009238 -0.2607269 ]
Gradients:
[ 2.47771237e-02 -8.78013372e-01 -2.03421399e-01 -7.20212236e-03
 -1.83653593e-01 -6.14141077e-02 -3.25835571e-02 -4.94230650e-02
 -2.49540433e-03 -6.70216680e-02  1.02593917e-02 -6.71079755e-03
 -7.05957040e-02 -1.62633508e-02 -4.86116856e-04 -3.02126646e-01
 -3.43048126e-02 -1.81090087e-02 -7.15136379e-02 -5.93219325e-03
  1.31154163e-02 -3.32218719e+00 -5.60829751e-02  2.47516818e-02
 -1.29280061e-01 -5.79735488e-02 -4.41380143e-02 -5.87859526e-02
 -2.74218954e-02  8.03135335e-05 -2.09037215e-01 -3.62416171e-02
  4.20799160e+00 -1.36204977e-02 -2.51338817e-02 -1.95224974e-02
 -1.37233944e+01  1.31300790e-03  3.93820591e-02 -1.66962221e-02
 -3.26097086e-02  1.48958545e-02 -1.22438204e-02  7.75379501e-03
  3.14705148e-02 -7.35420138e-02  8.50367546e+00  1.64074637e-02
 -3.04288156e-02  3.46900845e+00 -1.75127983e-02 -6.35402948e-02
 -1.09514618e+00  2.74326932e-02  4.70491350e-02 -1.97397918e-02
  5.01737967e-02  1.14456275e-02  2.25099269e-02  1.21901054e+01
 -5.24920970e-03 -4.80406135e-02 -1.65373795e-02 -2.90845726e-02]

Layer: linear2.weight
Values:
[[ 1.1699466  -0.4122347   0.65148044 ...  0.9132945   0.8030317
   0.95865166]
 [-0.0414757  -0.1736057  -0.7581686  ...  0.039265    0.15294921
  -0.10287083]
 [-0.18719965 -0.15790074 -0.343346   ... -0.09920797 -0.2958711
  -0.05333734]
 ...
 [ 1.738809   -1.1022274   1.231357   ...  1.4404197   1.516158
   1.356084  ]
 [ 0.6466942  -1.2013308   0.5836803  ...  0.8645066   0.5970725
   0.96580964]
 [ 0.06644608 -0.4163569  -0.18074931 ...  0.39277723  0.23260777
   0.38462016]]
Gradients:
[[ -0.55022466   0.8647122   -0.51962227 ...  -0.4756656   -0.3861617
   -0.34163782]
 [-19.237087   -26.684277   -17.79461    ... -16.912666   -12.372056
  -12.050178  ]
 [-59.452873    63.53412    -52.14282    ... -42.26512    -41.54997
  -31.524708  ]
 ...
 [ -0.7065429    1.110376    -0.66724634 ...  -0.6108017   -0.49586973
   -0.43869674]
 [ -0.8011521    1.2590606   -0.75659376 ...  -0.69259083  -0.562269
   -0.49744022]
 [ -0.10613388   0.166796    -0.10023092 ...  -0.09175202  -0.07448746
   -0.06589916]]

Layer: linear2.bias
Values:
[-0.9991082   0.33750543  0.11920977 -0.28469327  0.02050435 -1.4256475
 -0.75442564 -1.6842488  -1.248744   -0.53340334 -0.41042325 -1.1079831
  0.12801787 -1.4615811  -1.2661302  -0.06617933 -1.7391552  -0.40379408
 -0.71985877 -0.13688634  0.72953624  0.04274713 -0.6815521  -1.3118842
  0.4091688   0.6098348  -1.5286387   0.03649846 -0.478638   -1.3767831
 -0.9670303  -0.25322446]
Gradients:
[ 0.11680754  4.3173175  11.874833   -4.7410107  -4.1210065   0.10930831
 -6.3257065   0.1962742   0.1380716  -2.2987132   0.16642496  0.11431243
  3.8077836   0.142602    0.1819252  -5.540085    0.17678484  0.26028377
  2.523919    2.9931903  -5.661546   -2.7500584   3.0508204   0.1591928
 -0.76092947  7.1864614   0.14637741 -1.6785979  -6.5085196   0.1499924
  0.17007712  0.02253123]

Layer: output.weight
Values:
[[-0.83137834 -1.2258508  -1.1592115   0.4265908   1.572103   -0.7779815
   1.6693488  -1.3972173  -0.98279047  1.873678   -1.1847644  -0.81359005
  -0.3373766  -1.015033   -1.2950577   1.4856666  -1.2584667  -1.853478
  -1.9295814  -1.2150027   0.6716866   0.94148195 -0.83500636 -1.1331562
   0.807419   -1.2369245  -1.0419096   1.4626672   1.7520574  -1.0676552
  -1.2105945  -0.1601441 ]]
Gradients:
[[  47.053345  -446.56302   -301.8584    -826.07513    -37.134758
    53.13632    -67.00849     72.29209     63.63418     -4.2361083
    34.823498    59.721386  -616.60547     63.295685    64.06652
  -155.05624     75.71722     16.30711     12.680377   -73.14049
  -654.2273     -99.37467   -461.06506     66.84723     63.377853
  -311.44147     63.004734    -6.7493796 -146.91554     72.89476
    58.624256    13.637922 ]]

Layer: output.bias
Values:
[0.83235425]
Gradients:
[-14.045261]

