Layer: linear1.weight
Values:
[[-0.25985512 -0.10984292 -0.81043124 ... -0.21670023 -1.0600704
   2.7445412 ]
 [-0.04752185 -0.03651429  3.2917686  ...  0.64239365 -0.7361282
   1.2719018 ]
 [-0.20002782 -0.05041608 -4.6885657  ... -9.07158    -1.4452279
   2.6975968 ]
 ...
 [-0.09451652  0.0836579   1.2036922  ... -2.2784564   1.1315372
  -2.080719  ]
 [-0.14654699  0.13986348 -3.6710074  ... -0.17850047 -1.6613487
   6.410594  ]
 [ 0.06073242 -0.25539014  1.575408   ... -3.1401744   0.73136765
  -0.6130339 ]]
Gradients:
[[-1.7891271e+00 -5.5910218e-01 -7.5834332e-04 ... -1.2957304e-02
  -1.3864355e-02  8.3811348e-04]
 [ 7.7203638e+02  2.4126135e+02  1.1512097e+00 ...  1.8333473e+01
  -1.5035505e+00  4.3205009e+00]
 [-6.1202397e+00 -1.9125750e+00 -2.5446985e-02 ... -9.9535817e-03
  -1.6605400e-02 -4.9398415e-02]
 ...
 [ 9.2991810e+00  2.9059951e+00  3.9922163e-02 ...  5.2545901e-02
   1.0167554e-01 -1.9315790e-02]
 [-4.0970755e+00 -1.2803364e+00 -1.2133538e-02 ... -1.3123617e-02
  -3.1269826e-02 -7.8096469e-03]
 [ 6.5223107e+00  2.0382221e+00  2.3407100e-02 ... -2.1347849e-02
   4.5315448e-02  9.6610142e-03]]

Layer: linear1.bias
Values:
[ 0.1422875  -0.08357893  0.14430024  0.22966236 -0.00594478 -0.30363318
  0.07986014  0.13953854 -0.13513981 -0.08514901 -0.24732688  0.11923978
 -0.10237547  0.08055295  0.16193025 -0.24230741 -0.08652897 -0.22522664
 -0.2197443  -0.04450689 -0.06555046  0.33484328  0.01570602  0.09492435
  0.10444885 -0.2430776  -0.30922824 -0.03640076 -0.2881938   0.15641378
 -0.32393992 -0.2312103  -0.20334485  0.11150485 -0.0555398  -0.14107218
  0.02112103 -0.12547311 -0.10529079 -0.12624955 -0.00849406 -0.11465856
 -0.10870192  0.07969813 -0.0436266  -0.04974474  0.30402085 -0.20955694
 -0.11916392 -0.01868598  0.04582714 -0.0143619  -0.21402903 -0.01921519
 -0.23111142 -0.2796231  -0.10602307 -0.11802121 -0.20310764 -0.19944336
  0.04326949  0.01177657  0.01793131 -0.25581595]
Gradients:
[-4.47281823e-03  1.93009114e+00 -1.53005999e-02  9.25914291e-03
 -1.00652501e-03 -2.20372714e-02  1.31245498e-02  2.89699878e-03
 -6.59009442e-03  1.79542340e-02 -7.78886769e-03 -1.15759987e-02
  3.01996153e-03  1.55995972e-02  3.18862759e-02 -6.56317994e-02
  2.18791589e-02 -1.49949966e-02 -1.52530605e-02 -4.31398116e-03
  1.02351913e-02 -4.74206448e+00  2.30978392e-02  1.70663558e-02
  7.12694693e-03 -3.18224393e-02 -2.03587152e-02  3.90448171e-04
 -1.70050689e-03 -4.23055142e-04 -3.05996299e-01 -2.03715060e-02
  3.96535802e+00  2.94591626e-03 -2.46093720e-02 -8.08878709e-03
 -4.57199192e+00 -3.13269557e-03  1.33881839e-02 -9.95410513e-03
 -1.61803328e-02  4.71782824e-03 -2.36970615e-02 -4.84371837e-03
 -2.97056865e-02 -1.18276547e-03  4.26337004e+00 -7.61282747e-04
 -1.78943910e-02  1.42237973e+00 -8.81419238e-03 -1.52027281e-02
 -5.43655992e-01 -6.12609833e-02  2.24215407e-02 -2.86221206e-02
  6.89230347e-03  1.07649639e-02 -4.59549949e-03 -1.15003192e+00
 -2.36069486e-02  2.32479591e-02 -1.02426913e-02  1.63057745e-02]

Layer: linear2.weight
Values:
[[ 0.22295935 -0.25821617  0.27901715 ...  0.06816617 -0.02433426
   0.2279031 ]
 [-0.08438583 -0.15899321 -0.19505899 ... -0.05879802  0.03590113
  -0.09257381]
 [-0.06622007  0.34976     0.09095364 ...  0.17295393  0.00388601
   0.22897299]
 ...
 [ 0.2586812  -0.48415178  0.306106   ...  0.02923548  0.18387628
   0.06740281]
 [-0.19101183 -0.61005867  0.08297519 ...  0.04521921 -0.14277224
   0.22666693]
 [-0.09074293 -0.37184155 -0.42589125 ...  0.1968257   0.02584879
   0.1679    ]]
Gradients:
[[-2.36139037e-02  3.33945155e-01 -3.15814912e-02 ... -2.42691599e-02
  -1.47610633e-02 -2.56406218e-02]
 [-6.46857309e+00  3.48450699e+01 -4.66504860e+00 ... -5.34777021e+00
  -4.13418436e+00 -5.49903488e+00]
 [-4.58323574e+00  8.44361115e+01 -4.74743271e+00 ... -4.59176731e+00
  -2.66727495e+00 -4.70766830e+00]
 ...
 [-2.79379878e-02  3.95095617e-01 -3.73645648e-02 ... -2.87132189e-02
  -1.74640417e-02 -3.03358305e-02]
 [-1.00762166e-01  1.42496657e+00 -1.34760380e-01 ... -1.03558168e-01
  -6.29864708e-02 -1.09410316e-01]
 [ 2.17803195e-01 -3.08014584e+00  2.91292250e-01 ...  2.23846912e-01
   1.36148825e-01  2.36496612e-01]]

Layer: linear2.bias
Values:
[-0.05149559  0.3754142  -0.02060813 -0.4053987  -0.03704329 -0.2792991
 -0.6047488  -0.23186867  0.10605476 -0.27780163 -0.00489107 -0.03545094
  0.33826312 -0.01705189 -0.16209938 -0.00553809 -0.2741739  -0.25565487
 -0.51949793  0.03547578  0.17576684 -0.05122416 -0.4572034   0.04057106
 -0.14205392  0.546123   -0.09304462 -0.00763477 -0.3410048   0.08789709
 -0.11606847 -0.07874813]
Gradients:
[ 8.0855209e-03  2.1547234e+00  1.6729510e+00 -6.7397082e-01
  2.3783638e-01 -1.2004706e-03 -2.9207942e-01  3.6510296e-02
  1.5915222e-04 -3.3067733e-01  2.9581420e-02 -8.4594255e-03
  2.7181411e+00 -6.9671667e-05  3.9447822e-02  5.1506763e+00
  2.8032165e-02  3.8420651e-02  2.0132944e-02  9.0760332e-01
 -3.5422578e-01  5.6723320e-01  2.2317729e+00  9.5317774e-03
 -5.6401845e-03 -7.2919291e-01 -1.0289551e-03  2.2422898e-01
 -2.4193509e+00  9.5661068e-03  3.4501471e-02 -7.4576892e-02]

Layer: output.weight
Values:
[[-4.6698481e-02 -2.3930570e-01 -4.6307495e-01  2.7115080e-01
   1.2428873e+00  6.4592557e-03  1.6591890e+00 -2.0845224e-01
  -8.9737755e-04  1.8784099e+00 -1.6874285e-01  4.7890887e-02
  -2.0119803e-01  3.9677776e-04 -2.2500685e-01  1.0611175e+00
  -1.6005927e-01 -2.1904582e-01 -1.1444953e-01 -7.6654798e-01
   9.8152526e-02  9.5405281e-01 -4.8030314e-01 -5.4284606e-02
   3.1769924e-02 -2.8660357e-01  5.7621887e-03  1.1718929e+00
   1.4361875e+00 -5.4517969e-02 -1.9609468e-01  4.2363408e-01]]
Gradients:
[[ 7.9132738e+00 -3.4395397e+01  4.1572453e+01 -5.2002476e+01
   3.0762684e+00  1.8118291e+00  1.4691309e+01  1.6794254e+01
   1.2711129e+01  1.2290128e+01  1.3079547e+01  9.8593330e+00
  -5.8427307e+02  1.8345505e+00  2.0119726e+01  6.4345161e+01
   2.1218611e+01  2.3388893e+01  1.3367011e+01 -6.8996602e-01
  -5.1855618e+01  1.1575348e+01 -1.7208955e+02  8.9035130e+00
   1.1813347e+01  4.5042141e+01  1.8602356e+00  3.3799681e-01
  -7.1288204e+00  1.3807099e+01  1.6699980e+01  1.5599313e+01]]

Layer: output.bias
Values:
[-0.5277379]
Gradients:
[-17.601078]

