Layer: linear1.weight
Values:
[[ -0.46960825  -0.31959808   1.3358091  ...   2.4717927   -7.930945
    7.888764  ]
 [ -0.02535076  -0.01434365  12.757864   ...   0.35733166  -1.2680471
    2.1265237 ]
 [ -0.32899037  -0.17937918 -13.419105   ... -13.664029    -7.403215
    3.4811943 ]
 ...
 [ -0.24012876  -0.06195629   3.915094   ...   1.8880944   -3.665291
    1.3508786 ]
 [ -0.31255844  -0.02614922  -0.9874223  ...   1.75503     -6.502296
   14.2837515 ]
 [  0.049831    -0.2662897    3.742773   ...  -0.81480575  -4.976751
    1.9909351 ]]
Gradients:
[[ 2.21695766e+01  6.92799234e+00  4.06984612e-02 ...  6.15833700e-03
   7.66160041e-02  1.13385707e-01]
 [-8.36280273e+03 -2.61337500e+03 -1.74766922e+01 ... -1.28520708e+01
  -8.28724861e+00 -6.24169388e+01]
 [ 1.58508911e+02  4.95340347e+01  3.69714737e-01 ... -5.09585917e-01
  -3.63148153e-02  1.42678285e+00]
 ...
 [ 6.35347557e+01  1.98546104e+01  1.18570745e-01 ...  2.98435912e-02
   4.15220521e-02  4.64140803e-01]
 [ 2.67136497e+01  8.34801388e+00  5.82186803e-02 ... -2.21496951e-02
   5.10712899e-03  2.06651866e-01]
 [ 3.92049446e+01  1.22515469e+01  8.03214088e-02 ... -8.40231925e-02
   5.83584756e-02  2.73202449e-01]]

Layer: linear1.bias
Values:
[-0.06746657 -0.06140682  0.01533743  0.14747617 -0.01359695 -0.3714668
  0.05364502  0.0075361  -0.3211836  -0.18364799 -0.3394308   0.04548092
 -0.13384496 -0.04422421  0.08789402 -0.36642492 -0.13814317 -0.34783873
 -0.40392485 -0.21118958 -0.16023676  0.36614412 -0.13812526 -0.03564813
 -0.00517369 -0.37024608 -0.43318412 -0.15024844 -0.42818445 -0.06684817
 -0.28357574 -0.35727996 -0.2695264   0.03397331 -0.12016932 -0.32853475
  0.03422068 -0.26994213 -0.24276169 -0.19019356 -0.06146842 -0.2733886
 -0.26979238 -0.04233824 -0.2309036  -0.11851726  0.3176333  -0.32420945
 -0.19356784 -0.14765075 -0.07148958 -0.0827752  -0.20139413 -0.0675774
 -0.3572014  -0.3361374  -0.18765363 -0.27543423 -0.27918094 -0.1417028
 -0.05845997 -0.13383722 -0.14808106 -0.26671603]
Gradients:
[ 5.54239564e-02 -2.09070034e+01  3.96272302e-01 -1.12930331e-02
  3.15401137e-01  9.18789115e-03  2.69072428e-02 -1.63911402e-01
  5.61960712e-02  7.20570236e-02 -5.01128333e-03  1.14612080e-01
  1.19122803e-01 -1.11748070e-01  1.18265092e-01  5.18764436e-01
  3.88827771e-02  1.02320835e-01  1.07970253e-01 -2.88386084e-03
  9.62001681e-02 -6.93138123e+00  2.59537131e-01  5.63907102e-02
  4.49874252e-01  8.51501375e-02  1.02860354e-01  2.15806097e-01
 -5.14963046e-02  1.55268595e-01  9.21108437e+00  1.88645706e-01
 -8.74194145e-01  2.12142617e-02 -3.20966430e-02 -2.11962566e-01
 -3.28549337e+00 -2.58000121e-02  8.39163214e-02 -1.08678669e-01
  5.07643074e-02  2.27963835e-01  2.07251057e-01  1.91200793e-01
  6.13239519e-02  1.97097123e-01  8.20960522e-01  1.12414151e-01
 -4.63820808e-02 -5.24192788e-02  2.66031548e-03  3.23422514e-02
  3.46645813e+01  3.09404582e-02  1.01248562e-01  6.30452186e-02
  1.79058135e-01 -7.63644576e-02  9.91322845e-02  2.01504498e+01
  5.35621084e-02  1.58836871e-01  6.67841211e-02  9.80123505e-02]

Layer: linear2.weight
Values:
[[ 2.0837555  -0.57779497  1.0998299  ...  1.641925    1.5812099
   1.3424945 ]
 [-0.24348569  0.16057827 -0.8172482  ... -0.13666227 -0.07665306
  -0.19136253]
 [-0.27955356 -0.33394307 -0.5533836  ... -0.17222056 -0.46377623
  -0.15052992]
 ...
 [ 2.6665792  -1.2896645   1.7109388  ...  2.1687608   2.3391814
   1.7157363 ]
 [ 1.5449097  -1.3930595   1.0212349  ...  1.5838311   1.3684553
   1.4547764 ]
 [ 0.89898896 -0.52249646  0.68755895 ...  0.92940176  0.98086995
   0.7996897 ]]
Gradients:
[[ 5.0662225e-01 -8.2095890e+00  3.3138689e-01 ...  4.1488746e-01
   3.2676390e-01  1.5894592e-01]
 [ 1.7077451e+02 -2.3582971e+03  1.0911440e+02 ...  1.3081592e+02
   1.1717049e+02  5.4401348e+01]
 [-8.4039696e+01  9.1390552e+02 -6.1513748e+01 ... -5.8244118e+01
  -6.1213543e+01 -2.7966459e+01]
 ...
 [ 6.2283331e-01 -1.0092739e+01  4.0740186e-01 ...  5.1005602e-01
   4.0171841e-01  1.9540559e-01]
 [ 6.8454158e-01 -1.1092691e+01  4.4776577e-01 ...  5.6059080e-01
   4.4151923e-01  2.1476570e-01]
 [ 1.8041168e-01 -2.9234900e+00  1.1800907e-01 ...  1.4774418e-01
   1.1636287e-01  5.6601718e-02]]

Layer: linear2.bias
Values:
[-1.7419403   0.5147785   0.24992022 -0.08997121  0.20536314 -2.2116938
 -0.7612119  -2.4202158  -1.9748356  -0.61614454 -1.1537944  -1.905604
  0.15374942 -2.192571   -1.9999485   0.18316367 -2.4116256  -0.9167755
 -1.0805839  -0.63182753  0.8356625  -0.04176705 -0.65656984 -2.042339
  0.4467278   0.51064825 -2.234228    0.21863823 -0.36714783 -2.1269927
 -1.6740907  -1.0480351 ]
Gradients:
[ -0.06541272 -20.726713     9.583443     6.824163     0.09821397
  -0.06028643  19.598145    -0.09889749  -0.07129204   0.07839405
  -0.08397702  -0.06028791  -7.0827456   -0.07389736  -0.09282988
  -3.558655    -0.09239588  -0.10851423  -0.14137243  -0.10531083
   0.12585148   0.04967505  -6.629637    -0.08265708   1.2886062
  -0.11343598  -0.07819963   0.08550228  21.124989    -0.08041735
  -0.08838484  -0.02329391]

Layer: output.weight
Values:
[[-1.1931299  -1.717778   -2.041726    0.8779894   1.7915869  -1.0996224
   2.2727365  -1.8039081  -1.3003724   1.4297515  -1.5317676  -1.0996393
  -0.91889143 -1.3478912  -1.6932282   1.6171582  -1.685315   -1.9793568
  -2.5785818  -1.9207867   2.2956667   0.90612584 -0.9865426  -1.507665
   0.85985917 -2.068993   -1.4263635   1.5597523   1.9623696  -1.4668137
  -1.6121333  -0.42487684]]
Gradients:
[[-5.1095787e+01  1.3082653e+03 -2.2957841e+02  2.0416305e+03
  -5.2094837e+01 -6.0193474e+01  1.8324068e+02 -6.4397575e+01
  -6.5961746e+01  2.2617950e+00 -2.5178059e+01 -6.8151222e+01
   2.5402275e+03 -6.3611004e+01 -6.1397545e+01 -9.1169510e+01
  -6.9188644e+01 -9.1944675e+00 -6.7005676e+01 -4.1740284e+01
  -5.5713139e+01 -2.9858395e+01  1.1924187e+03 -7.0355202e+01
   5.4375849e+00 -6.4244507e+01 -6.5550575e+01 -5.6353397e+01
   1.0389760e+03 -7.4493683e+01 -7.1898537e+01 -3.8876541e+01]]

Layer: output.bias
Values:
[1.7085975]
Gradients:
[5.482395]

