Layer: linear1.weight
Values:
[[ -0.46479475  -0.31478453   1.001702   ...   2.5558522   -7.6200094
    7.9312124 ]
 [ -0.02992332  -0.01891623  12.904355   ...   0.5141984   -1.0641733
    2.1769648 ]
 [ -0.31867266  -0.16906148 -13.548195   ... -13.743729    -7.796435
    3.4198124 ]
 ...
 [ -0.22693713  -0.04876447   3.9765432  ...   1.8089495   -4.0826535
    1.355338  ]
 [ -0.30469817  -0.01828836  -1.1926417  ...   1.7830788   -6.513577
   14.330536  ]
 [  0.05457061  -0.2615496    3.703307   ...  -0.7931019   -4.982283
    2.0074143 ]]
Gradients:
[[-2.4287094e+01 -7.5897179e+00 -7.9903148e-02 ... -3.2805416e-01
  -8.7434113e-02 -2.1176150e-01]
 [-2.3976257e+03 -7.4925806e+02 -7.7352457e+00 ... -4.7350193e+01
  -1.8489506e+01 -1.4859067e+01]
 [ 1.0955327e+02  3.4235394e+01  3.2800466e-01 ...  1.1978917e+00
   5.4904079e-01  7.5323117e-01]
 ...
 [-1.3904707e+01 -4.3452210e+00 -2.8875994e-02 ... -4.5336080e-01
   2.2136798e-02 -7.5172655e-02]
 [-8.0844898e+00 -2.5264046e+00 -2.5643030e-02 ... -2.8743634e-01
  -3.5108324e-02 -9.8859504e-02]
 [-9.3811798e+00 -2.9316182e+00 -3.0062554e-02 ... -2.1032056e-01
  -1.1969899e-02 -7.1020015e-02]]

Layer: linear1.bias
Values:
[-0.06265268 -0.06597922  0.02565508  0.16330177 -0.01830012 -0.36433843
  0.05419722  0.02478904 -0.32081613 -0.1790117  -0.32852465  0.05658162
 -0.11234258 -0.03137781  0.1120232  -0.35943317 -0.1325028  -0.3378026
 -0.39124486 -0.1956596  -0.15656184  0.35728815 -0.11906277 -0.02476402
  0.00802119 -0.3670606  -0.42562982 -0.1359919  -0.4185721  -0.06676099
 -0.28302538 -0.3439896  -0.25961822  0.04325438 -0.09073326 -0.30799097
  0.03515946 -0.2641854  -0.24714135 -0.18914792 -0.06119728 -0.26037228
 -0.2662123  -0.03502923 -0.22814763 -0.11043763  0.3220164  -0.31231117
 -0.19293295 -0.15913369 -0.06231655 -0.08220772 -0.2015442  -0.06735758
 -0.35005203 -0.3356807  -0.17599772 -0.26234964 -0.27160764 -0.15180635
 -0.04385887 -0.1206454  -0.14022061 -0.26197585]
Gradients:
[-6.07177466e-02 -5.99406433e+00  2.73883134e-01  4.80540134e-02
  2.53085113e+00 -3.30439769e-03 -1.40731800e-02 -2.81761587e-03
 -2.34740414e-02 -2.00970192e-02  9.42821242e-03  1.88170299e-02
 -3.06394957e-02 -4.86797318e-02 -8.84838849e-02  3.83215487e-01
 -6.25794828e-02  3.80259007e-03  1.25089526e-01  4.64047119e-02
 -9.85072702e-02  6.39942217e+00 -1.18206292e-02 -1.16408333e-01
  1.11869022e-01  1.73866190e-02 -1.28327953e-02  3.75931710e-02
 -3.73548791e-02 -5.03277406e-02  1.34632263e+01  3.09943371e-02
 -4.18824077e-01 -9.54707153e-03 -1.74367465e-02 -1.54756419e-02
 -6.54466105e+00 -4.97887135e-02 -8.10635760e-02 -5.14267385e-02
  7.85823911e-03 -3.17571796e-02  5.99651709e-02  5.56119047e-02
 -3.06089558e-02  1.18586542e-02  1.03645639e+01  1.59816705e-02
 -5.13685681e-03 -4.22098711e-02  2.90683340e-02  3.33144404e-02
 -9.26260281e+00  7.51147717e-02 -1.20593071e-01  5.11174835e-02
 -6.13930449e-03 -1.03418246e-01 -1.71022546e-02  6.15139484e-01
  2.39181183e-02 -3.47617641e-02 -2.02112347e-02 -2.34529525e-02]

Layer: linear2.weight
Values:
[[ 2.1033597  -0.57842153  1.1149153  ...  1.6549497   1.6044912
   1.3520006 ]
 [-0.24084526  0.15437734 -0.8299642  ... -0.13039084 -0.06985191
  -0.17924371]
 [-0.27532697 -0.34228173 -0.5600372  ... -0.17299137 -0.45966372
  -0.15228514]
 ...
 [ 2.7085247  -1.2919875   1.7371756  ...  2.1991549   2.383355
   1.7267568 ]
 [ 1.5877653  -1.3955456   1.0479395  ...  1.6143296   1.4127563
   1.4969505 ]
 [ 0.9153465  -0.5218852   0.69964355 ...  0.93986094  1.0005244
   0.80706364]]
Gradients:
[[ 1.1274465e+00 -1.2457926e+01  8.4021342e-01 ...  7.9978341e-01
   7.5753021e-01  3.5838467e-01]
 [ 1.5872116e+02 -1.6132142e+03  1.1281882e+02 ...  1.0843027e+02
   1.0708997e+02  4.9463791e+01]
 [ 2.1213488e+01 -3.8933844e+02  1.7093885e+01 ...  1.9801210e+01
   1.3958323e+01  7.5341988e+00]
 ...
 [ 1.3783036e+00 -1.5229819e+01  1.0271612e+00 ...  9.7773540e-01
   9.2608094e-01  4.3812543e-01]
 [ 1.5080373e+00 -1.6663334e+01  1.1238434e+00 ...  1.0697651e+00
   1.0132488e+00  4.7936419e-01]
 [ 4.0900379e-01 -4.5193624e+00  3.0480433e-01 ...  2.9013744e-01
   2.7480927e-01  1.3001123e-01]]

Layer: linear2.bias
Values:
[-1.759831    0.5145536   0.24500765 -0.07288986  0.2456266  -2.2286494
 -0.7687595  -2.4376152  -1.9919416  -0.57825917 -1.1912233  -1.9225655
  0.17526871 -2.2096543  -2.017733    0.20078894 -2.4291887  -0.9539818
 -1.1182888  -0.66857255  0.8421919  -0.02272334 -0.64771086 -2.0598247
  0.46619228  0.4995459  -2.2517548   0.25930485 -0.36463907 -2.1636317
 -1.711349   -1.0628028 ]
Gradients:
[ -0.13995484 -19.21248     -3.028996    10.671508     0.20977433
  -0.12902802  -1.6816319   -0.21044251  -0.15200236   0.15503012
  -0.18025339  -0.12869868 -13.906465    -0.15764892  -0.19752935
  -4.125108    -0.1965228   -0.23250414  -0.29643044  -0.2206037
   0.26977533   0.10481137 -12.857175    -0.17574759   4.048158
  -0.2372218   -0.16666932   0.18584314  14.118086    -0.1710949
  -0.18719925  -0.05077143]

Layer: output.weight
Values:
[[-1.2154722  -1.7662346  -2.028796    0.91121155  1.8225535  -1.1205602
   2.2743318  -1.8277683  -1.3201271   1.3465105  -1.5656092  -1.1177009
  -0.9207508  -1.3691655  -1.7156103   1.6370798  -1.7068611  -2.0195816
  -2.5744555  -1.9161267   2.3437357   0.91080606 -1.0406764  -1.5263749
   0.77883077 -2.0601225  -1.4475151   1.6147189   1.9245137  -1.485965
  -1.6258192  -0.4408384 ]]
Gradients:
[[ -90.1992    938.8558   -185.55782  1745.5516    -51.158146 -102.88891
   -58.664513 -121.965225 -115.54527    -7.001888  -64.5033   -112.53068
  2303.6875   -111.44262  -113.678734 -233.57469  -128.78627   -37.92934
   -86.29791   -53.739254  -48.197147  -45.111126 1193.7437   -120.46345
    35.835167  -72.8244   -112.41849   -49.902153  552.145    -128.63177
  -113.98741   -62.397984]]

Layer: output.bias
Values:
[1.7473214]
Gradients:
[11.512657]

