Layer: linear1.weight
Values:
[[-3.6631396e-01 -2.1630327e-01  1.3965234e+00 ...  2.3441052e+00
  -7.2665482e+00  7.7887998e+00]
 [-2.2203747e-02 -1.1196596e-02  1.1277099e+01 ...  2.1600677e-01
  -1.5941778e+00  1.9650903e+00]
 [-2.8321052e-01 -1.3359910e-01 -1.1876403e+01 ... -1.3452862e+01
  -6.3908057e+00  3.6011121e+00]
 ...
 [-1.9267176e-01 -1.4498701e-02  3.8539333e+00 ...  1.6207701e+00
  -2.5829339e+00  1.2316709e+00]
 [-2.5922671e-01  2.7182635e-02 -1.0722401e+00 ...  1.7369879e+00
  -5.3522682e+00  1.4002203e+01]
 [ 8.8616148e-02 -2.2750525e-01  3.7309549e+00 ... -9.4058818e-01
  -4.0303769e+00  1.9952517e+00]]
Gradients:
[[ 5.9569268e+00  1.8615397e+00  2.3076339e-02 ... -2.4183074e-02
  -2.3572020e-02  9.2652120e-02]
 [ 9.8568970e+02  3.0802805e+02  9.2913663e-01 ...  8.9586043e-01
   7.1989989e-01  8.0020370e+00]
 [-1.0710151e+01 -3.3469222e+00 -2.9650856e-02 ... -7.6183748e-01
  -8.7787285e-03 -3.3176085e-01]
 ...
 [-1.5445647e+00 -4.8267642e-01 -1.1182072e-02 ... -1.2750980e-01
  -2.0536780e-03 -4.2387508e-02]
 [ 1.3239955e+00  4.1374862e-01  7.1201678e-03 ... -1.4301778e-01
  -1.8299203e-02  8.0990884e-03]
 [-7.8753406e-01 -2.4610457e-01 -1.6353292e-02 ... -1.5845647e-01
  -3.3219978e-03  8.9894217e-03]]

Layer: linear1.bias
Values:
[ 0.03582818 -0.05825997  0.0611175   0.2031621  -0.0065092  -0.33322808
  0.08333396  0.05782446 -0.2610734  -0.14575821 -0.24161085  0.07934102
 -0.05714374  0.04467785  0.10601304 -0.32951096 -0.09660032 -0.23862919
 -0.31494612 -0.14026153 -0.12002607  0.34810582 -0.09335817  0.04347988
  0.0317914  -0.31929797 -0.39555615 -0.07442629 -0.32152885  0.01715712
 -0.28811368 -0.25683233 -0.25594717  0.06095126 -0.0431448  -0.19860993
  0.02080442 -0.21027331 -0.18061666 -0.18049593  0.01777898 -0.17672974
 -0.16074574 -0.00514766 -0.16798367 -0.07202593  0.31612015 -0.3015597
 -0.17837214 -0.18380077  0.01760963 -0.03158607 -0.2035637  -0.02962894
 -0.2910102  -0.27057567 -0.1715969  -0.17328468 -0.23350772 -0.16839361
  0.02571815 -0.08637993 -0.0947493  -0.2279314 ]
Gradients:
[ 1.48923183e-02  2.46422386e+00 -2.67753620e-02 -1.34835402e-02
  1.30728698e+00  5.13490848e-03  2.54028160e-02  1.39368668e-01
  2.74896882e-02  1.09757334e-02  1.31376544e-02  1.17843924e-02
  2.32905839e-02  1.87377296e-02  2.27150470e-02 -9.20682997e-02
  7.06409384e-03 -5.49001154e-03  2.48469226e-02  4.75491397e-02
  2.76618283e-02  1.82272100e+00 -1.66945849e-02 -8.03777017e-04
 -7.23595098e-02  5.79266716e-03 -5.41904802e-03  4.21263743e-03
  9.96174756e-03 -4.73691430e-03 -1.56503856e+00 -4.06917334e-02
  1.43155247e-01  2.81418804e-02  1.56119990e-03  7.58474022e-02
  6.26543140e+00  3.06237582e-02  3.36049795e-02  7.64956772e-02
  4.49553877e-03 -2.77933311e-02 -4.37428653e-02 -1.94229987e-02
  1.77737959e-02  5.02812164e-03 -1.34465528e+00 -1.42376581e-02
  1.97540503e-02  5.60915545e-02  9.62325744e-03  2.46375874e-02
 -2.10667706e+00  5.39843971e-03 -1.38981985e-02 -8.50363635e-04
 -2.01959591e-02  5.41927367e-02  5.53406170e-03 -3.38793325e+00
  3.93015519e-03 -3.86141427e-03  3.30999307e-03 -1.96883781e-03]

Layer: linear2.weight
Values:
[[ 1.8650496  -0.4949179   0.88497806 ...  1.4810193   1.3739897
   1.3128791 ]
 [-0.21005635  0.18178599 -0.82374066 ... -0.11188016 -0.04993208
  -0.18744956]
 [-0.30527827 -0.33075315 -0.5467031  ... -0.19922945 -0.48542416
  -0.16171141]
 ...
 [ 2.4136786  -1.2099693   1.4901757  ...  1.9806671   2.0601118
   1.7172387 ]
 [ 1.322893   -1.3112127   0.84341294 ...  1.4068729   1.1437885
   1.3297291 ]
 [ 0.666548   -0.44910285  0.46230122 ...  0.7784324   0.77264416
   0.8474051 ]]
Gradients:
[[-2.5180539e-02  1.5647025e+00 -5.2250702e-02 ... -4.5145586e-02
  -1.1955467e-02 -1.7116122e-02]
 [-4.3647858e+01  9.2453003e+02 -4.7308414e+01 ... -4.0750015e+01
  -3.3760212e+01 -1.4532655e+01]
 [ 6.0839149e+01 -1.0174954e+03  5.3509460e+01 ...  5.0943443e+01
   4.8382847e+01  1.7962214e+01]
 ...
 [-3.1510267e-02  1.9580262e+00 -6.5384991e-02 ... -5.6493998e-02
  -1.4960742e-02 -2.1418629e-02]
 [-3.4634948e-02  2.1521978e+00 -7.1868986e-02 ... -6.2096253e-02
  -1.6444355e-02 -2.3542635e-02]
 [-1.0689944e-02  6.6426659e-01 -2.2182088e-02 ... -1.9165780e-02
  -5.0755143e-03 -7.2663501e-03]]

Layer: linear2.bias
Values:
[-1.5278387   0.48716086  0.26494294 -0.07211005  0.12208147 -1.998636
 -0.77222455 -2.204405   -1.7606331  -0.6742436  -0.9623855  -1.6924932
  0.09860492 -1.9782212  -1.7841167   0.10694147 -2.2576127  -0.67947894
 -0.88768154 -0.3956023   0.8802598   0.02788152 -0.6266989  -1.8271955
  0.39731896  0.51983994 -2.0812058   0.13034107 -0.40871844 -1.8909423
 -1.483162   -0.8277774 ]
Gradients:
[ 7.50546809e-03  8.41347122e+00 -1.07121000e+01 -1.45935273e+00
 -1.29071698e-02  7.25683384e-03 -5.83677113e-01  1.20290145e-02
  8.75566062e-03 -1.19869318e-02  9.44740884e-03  7.34444754e-03
  2.38911581e+00  8.99323076e-03  1.09953210e-02  7.22744274e+00
  1.10408301e-02  1.29419789e-02  1.73390582e-02  1.30050154e-02
 -5.02680421e-01 -7.49734510e-03  1.23711014e+00  9.82141495e-03
 -4.32473660e+00  7.72000849e-02  9.24984086e-03 -1.10115921e-02
 -1.12984314e+01  9.39213857e-03  1.03235254e-02  3.18631437e-03]

Layer: output.weight
Values:
[[-1.0813525  -1.6263536  -1.9197718   0.7773712   1.8605651  -1.0455213
   2.1241465  -1.7333174  -1.2615416   1.7282463  -1.3611825  -1.0581524
  -0.8774118  -1.2957872  -1.5843318   1.7001606  -1.5908936  -1.8648188
  -2.4988525  -1.8739868   2.1997194   1.0809097  -0.9808346  -1.4151573
   1.0101978  -1.4202834  -1.3327751   1.5873488   1.9342668  -1.3532842
  -1.4875499  -0.45881608]]
Gradients:
[[ 7.9846573e+00 -5.2493170e+02  7.4124896e+02 -4.7862704e+02
   1.1087821e+01  9.7485094e+00 -8.8836670e+00  8.6671200e+00
   1.0442102e+01 -1.4112421e+00  1.0593945e+00  1.0728158e+01
  -4.1792709e+02  1.0074966e+01  7.4779830e+00  5.0257553e+02
   8.4892082e+00 -3.5869622e+00  1.6942463e+01 -1.0993308e-01
  -1.9038731e+01  1.2792706e+01 -3.9944348e+02  1.1356418e+01
  -1.4101939e+02  1.2561266e+01  1.0497676e+01  6.6038313e+00
  -2.9998724e+02  1.1616603e+01  1.3920684e+01  6.1766877e+00]]

Layer: output.bias
Values:
[1.5125312]
Gradients:
[-0.6938101]

