Layer: linear1.weight
Values:
[[-3.26859862e-01 -1.76849350e-01 -8.20308506e-01 ...  1.29795063e+00
  -2.25661230e+00  4.63919783e+00]
 [-5.51521368e-02 -4.41444553e-02  5.56444311e+00 ...  2.75582939e-01
  -6.68558061e-01  1.91497445e+00]
 [-2.50275582e-01 -1.00663826e-01 -5.73084974e+00 ... -1.25688915e+01
  -3.31049252e+00  3.48638129e+00]
 ...
 [-1.48533851e-01  2.96400134e-02  2.23786402e+00 ... -6.40763879e-01
  -1.16750272e-02 -1.16677976e+00]
 [-2.05650300e-01  8.07594508e-02 -3.31114244e+00 ...  4.65345711e-01
  -1.45988989e+00  9.64615059e+00]
 [ 4.26259562e-02 -2.73496300e-01  2.02002072e+00 ... -2.31573653e+00
  -1.04182565e+00  3.51511091e-01]]
Gradients:
[[ 3.78073287e+00  1.18147933e+00  1.73915476e-02 ...  4.69671115e-02
   8.84231552e-03  8.24252665e-02]
 [ 2.65127838e+02  8.28524399e+01 -2.58398008e+00 ...  3.39579821e+00
   3.42469978e+00  1.30894196e+00]
 [ 7.39605665e+00  2.31126761e+00  1.53398335e-01 ...  7.06649870e-02
   1.95699185e-02  3.65254283e-03]
 ...
 [ 1.65950680e+01  5.18595791e+00  1.16192073e-01 ...  1.57194659e-02
   1.15682870e-01  1.11607075e-01]
 [ 2.30294170e+01  7.19669247e+00  3.19050997e-02 ...  1.55016869e-01
   1.02249295e-01  9.67371315e-02]
 [ 5.18297958e+00  1.61968148e+00  2.58256793e-02 ...  2.62692682e-02
   4.12286222e-02  2.38862410e-02]]

Layer: linear1.bias
Values:
[ 0.07528008 -0.09120845  0.09405296  0.24358009 -0.00511286 -0.34664562
  0.04898757  0.15358314 -0.22303507 -0.11190995 -0.2691583   0.09812546
 -0.1269252   0.04533872  0.07201214 -0.26734084 -0.07472981 -0.24532205
 -0.23254526 -0.05311578 -0.10679369  0.32709202 -0.07047755 -0.04987128
  0.00457648 -0.2888912  -0.38472393 -0.04717334 -0.3461495   0.06011325
 -0.30814612 -0.3053648  -0.20843591  0.10587658 -0.09235847 -0.15231486
  0.02100764 -0.17621246 -0.15162273 -0.16813618 -0.08048293 -0.16785362
 -0.16292207  0.06205963 -0.11325665 -0.10201306  0.30937573 -0.2744821
 -0.17409743 -0.01986193  0.02227295 -0.01551836 -0.212145   -0.05429624
 -0.3337148  -0.30834436 -0.11728804 -0.16853239 -0.22863558 -0.19870326
  0.02810465 -0.04224104 -0.04117257 -0.27392235]
Gradients:
[ 9.4518345e-03  6.6281891e-01  1.8490139e-02  6.4854227e-02
  8.7873191e-01  7.7693343e-02  2.3974948e-02  3.0269351e-02
  5.3727422e-02  7.2242297e-02  3.2437742e-02  2.1003425e-02
  4.3501675e-02  5.4320700e-02 -5.0313570e-02  9.4922788e-02
 -6.6830814e-03  1.6950916e-02 -2.4397530e-02 -1.9514221e-03
 -4.5363665e-02  1.3234310e+01 -2.6340514e-02  2.9274197e-03
 -1.1406783e-02  7.9589441e-02  7.1236417e-02 -6.7547530e-02
  7.2880141e-02  5.4085851e-03 -1.8144701e-02 -6.0070306e-03
  9.6247435e+00  3.6968768e-02  4.9771328e-02  4.0037118e-02
  2.3089647e+01  2.4068709e-02 -2.3888348e-02  8.0720792e-03
  6.1336298e-02 -7.1627423e-02 -3.2837473e-02  7.2633289e-03
 -9.0095149e-03  4.7318399e-02 -1.5518129e+01 -4.1319518e-03
  1.0182701e-01 -8.8597507e+00  3.8181562e-02  4.6378084e-02
 -6.7881522e+00  6.7830947e-04 -2.8948383e-02  5.4828320e-02
 -6.4855903e-02 -1.8211167e-02 -2.0134952e-02 -1.8988733e+01
  2.3268642e-02  4.1487671e-02  5.7573542e-02  1.2957451e-02]

Layer: linear2.weight
Values:
[[ 1.0778917  -0.44529095  0.57913387 ...  0.8415753   0.732144
   0.90079695]
 [-0.02871016 -0.16871001 -0.7401067  ...  0.03728428  0.16225326
  -0.10172474]
 [-0.16747294 -0.21434309 -0.2961834  ... -0.08209696 -0.2740589
  -0.0296627 ]
 ...
 [ 1.6825267  -1.1331195   1.1987379  ...  1.3859291   1.4671386
   1.3108376 ]
 [ 0.55367345 -1.2328515   0.51028615 ...  0.7919437   0.5251824
   0.90692806]
 [ 0.04511144 -0.3478905  -0.23538154 ...  0.35674587  0.21821819
   0.3405135 ]]
Gradients:
[[ 2.6699439e-01 -1.3727591e+00  2.3021205e-01 ...  2.4153495e-01
   1.9656147e-01  1.8230158e-01]
 [-1.8766876e+00 -4.3987278e+01  1.1657439e-01 ...  1.4787728e-01
  -7.6809847e-01 -3.8596743e-01]
 [ 8.0491936e+01 -1.7792856e+02  6.9297058e+01 ...  6.8472664e+01
   5.6804348e+01  5.3165089e+01]
 ...
 [ 3.4383982e-01 -1.7678617e+00  2.9647094e-01 ...  3.1105268e-01
   2.5313509e-01  2.3477100e-01]
 [ 3.9463681e-01 -2.0290363e+00  3.4026992e-01 ...  3.5700583e-01
   2.9053190e-01  2.6945472e-01]
 [ 4.7503226e-02 -2.4423918e-01  4.0958982e-02 ...  4.2973518e-02
   3.4971904e-02  3.2434814e-02]]

Layer: linear2.bias
Values:
[-0.9071885   0.32828972  0.10292783 -0.29260027  0.01384502 -1.3337532
 -0.7303618  -1.6211766  -1.1863531  -0.51061225 -0.34997258 -1.017641
  0.1454451  -1.369038   -1.2032322  -0.08193534 -1.6762934  -0.37801364
 -0.71684176 -0.13702239  0.68045115  0.01932843 -0.6724742  -1.2491714
  0.42204627  0.6083111  -1.4361105   0.02600617 -0.46705982 -1.3141756
 -0.87428045 -0.22972229]
Gradients:
[-5.7063870e-02  2.4101555e-01 -1.7276297e+01  3.6505467e-01
  2.4266407e+00 -5.3040061e-02  6.5976143e-02 -9.7108439e-02
 -6.7491636e-02 -1.2334400e+00 -8.3027534e-02 -5.5886559e-02
 -1.1347945e+00 -6.9816522e-02 -9.0015694e-02  1.8900576e+00
 -8.7362714e-02 -1.2995417e-01 -1.3789202e-01 -1.9226342e-01
  3.1946468e+00  1.5666031e+00 -1.1405301e+00 -7.8282371e-02
 -6.5941644e-01 -1.1505225e+01 -7.1981013e-02 -3.8188286e-03
  3.7887661e+00 -7.3487796e-02 -8.4344476e-02 -1.0152712e-02]

Layer: output.weight
Values:
[[-0.7984861  -1.1378229  -1.080441    0.39029926  1.5162065  -0.7421899
   1.6549169  -1.3585876  -0.94433606  1.8558434  -1.1616867  -0.7820195
  -0.37438524 -0.97685313 -1.2593867   1.4627959  -1.2222774  -1.8178656
  -1.9286946  -1.1478173   0.613735    0.97895133 -0.7752623  -1.0952783
   0.8762141  -1.1355962  -1.0071254   1.4234142   1.7143083  -1.0282052
  -1.1800985  -0.14202587]]
Gradients:
[[-19.319086 -53.81327  513.8759    94.31642   -1.27989  -21.49356
   -6.603318 -33.487553 -29.04289  -16.608418 -16.928385 -24.397636
  202.01901  -26.48731  -31.38566   62.401875 -37.331173 -13.823311
   -8.491718 -12.681534 326.28348    7.416539 341.35144  -29.185394
   -9.794709 262.91672  -26.265844 -11.592577  62.05195  -32.759262
  -24.01793   -7.173164]]

Layer: output.bias
Values:
[0.76768476]
Gradients:
[7.149249]

