Layer: linear1.weight
Values:
[[-4.20488477e-01 -2.70477682e-01  8.32436323e-01 ...  2.48036385e+00
  -6.87117338e+00  6.74843550e+00]
 [-4.94472589e-03  6.06243405e-03  7.15114641e+00 ...  1.83954760e-01
  -2.26420879e+00  1.62433672e+00]
 [-2.59198308e-01 -1.09587140e-01 -7.13473415e+00 ... -1.34228106e+01
  -5.19999218e+00  3.67719960e+00]
 ...
 [-1.81700110e-01 -3.52711836e-03  2.30986309e+00 ...  1.51204550e+00
  -1.94729662e+00  5.14504850e-01]
 [-3.20635289e-01 -3.42249162e-02 -2.36228037e+00 ...  1.84365964e+00
  -4.93394613e+00  1.27267065e+01]
 [ 3.28257345e-02 -2.83296287e-01  2.45795655e+00 ... -9.66935277e-01
  -3.38391042e+00  1.53723109e+00]]
Gradients:
[[-9.50453758e+00 -2.97016549e+00  3.65623049e-02 ... -3.50716919e-01
  -8.28099474e-02 -1.17439494e-01]
 [-1.78575000e+03 -5.58046936e+02 -7.87353563e+00 ... -8.65156460e+00
  -1.05511923e+01 -9.33165169e+00]
 [ 1.66830788e+01  5.21346140e+00  3.97429168e-02 ... -3.67120802e-01
   2.74246037e-01  1.42037310e-02]
 ...
 [-1.39113340e+01 -4.34729528e+00 -6.14554361e-02 ... -5.26921190e-02
  -6.01027645e-02 -1.46721005e-01]
 [-2.22557163e+01 -6.95491171e+00 -3.92841324e-02 ... -3.54729235e-01
  -1.24034494e-01 -1.71398774e-01]
 [-1.39126863e+01 -4.34771633e+00 -3.69685628e-02 ... -6.50550500e-02
  -1.00990959e-01 -1.11699454e-01]]

Layer: linear1.bias
Values:
[-0.01834742 -0.04100085  0.08512986  0.16055593 -0.0669618  -0.36733863
  0.0333676   0.09302555 -0.34348515 -0.17465757 -0.293065    0.07532766
 -0.11772414  0.00281582  0.04441673 -0.31002745 -0.13870811 -0.27963927
 -0.2789515  -0.11794934 -0.12929109  0.3758914  -0.1639539  -0.0324215
 -0.0040194  -0.39591372 -0.46987647 -0.0768096  -0.37806803 -0.01604709
 -0.32656208 -0.3020659  -0.26260412  0.05767827 -0.11325255 -0.22394365
  0.03003366 -0.23010993 -0.21349348 -0.18359275 -0.04332453 -0.22390728
 -0.21367644 -0.01290188 -0.2109219  -0.11672091  0.31503502 -0.3103224
 -0.19121432 -0.05271086 -0.04065071 -0.04638236 -0.20956756 -0.09697041
 -0.35730702 -0.3088214  -0.17925668 -0.18935066 -0.23850337 -0.14649373
  0.0105931  -0.07540791 -0.1561572  -0.2837221 ]
Gradients:
[-2.3761325e-02 -4.4643745e+00  4.1707687e-02 -3.7385400e-02
 -7.7715203e-02 -5.9029352e-02 -3.1568021e-02  2.7466934e-02
 -3.8670931e-02 -4.5670234e-02 -9.7355489e-03  2.8470606e-03
 -2.3389332e-02 -4.4221953e-02 -1.1182345e-02  7.9309121e-03
 -3.6153443e-02 -2.3792844e-02  6.4178407e-02  4.7085449e-02
  3.2037929e-02 -3.7244859e+00 -7.1002766e-03 -5.0622612e-02
  9.7995400e-03 -5.3483561e-02 -4.8840676e-02  3.1800501e-02
 -6.5550521e-02 -3.2668095e-02  1.1805646e-01 -1.4308620e-02
 -1.8931714e-01 -1.2687359e-02 -3.2947686e-02 -9.3351249e-03
 -1.3395979e+01 -1.1731297e-02  1.3944954e-03 -2.0044852e-02
 -5.8861084e-02  9.0802461e-03  3.0524954e-03  3.1969652e-02
  5.9491135e-03 -1.7959327e-02  1.7940739e+01 -5.2113310e-03
 -5.2077591e-02  9.2970818e-02 -1.5791154e-02 -3.5601564e-02
 -9.1735697e+00  3.0791055e-02 -3.4695446e-02 -5.0463617e-02
  3.0879479e-02 -1.2583908e-02  3.2487884e-04  1.4717370e+01
 -4.1334890e-04 -3.4778357e-02 -5.5639289e-02 -3.4781724e-02]

Layer: linear2.weight
Values:
[[ 1.6265174  -0.42456937  0.82855    ...  1.2829406   1.2151382
   1.2300233 ]
 [-0.12399327  0.01696259 -0.7051866  ... -0.00340971  0.06356853
  -0.10119533]
 [-0.23598638 -0.25118816 -0.59246176 ... -0.18858223 -0.39666975
  -0.13310693]
 ...
 [ 2.17323    -1.1386163   1.4320633  ...  1.7812477   1.8992937
   1.6325524 ]
 [ 1.0817151  -1.2393272   0.78466666 ...  1.2068913   0.98211116
   1.2442423 ]
 [ 0.3714315  -0.3534003   0.22532168 ...  0.5587793   0.5360076
   0.6710831 ]]
Gradients:
[[ 4.5515603e-01 -9.1521358e+00  2.4678986e-01 ...  2.8220814e-01
   3.8955507e-01  1.9324552e-01]
 [ 4.2429989e+01 -1.0525590e+03  2.6313070e+01 ...  2.6847626e+01
   3.6191925e+01  1.8670223e+01]
 [-2.4142084e+01  6.8114709e+02 -1.9425606e+01 ... -1.7789993e+01
  -2.1834715e+01 -1.3083628e+01]
 ...
 [ 5.6076324e-01 -1.1275650e+01  3.0405122e-01 ...  3.4768721e-01
   4.7994128e-01  2.3808329e-01]
 [ 6.1122251e-01 -1.2290267e+01  3.3141059e-01 ...  3.7897319e-01
   5.2312803e-01  2.5950664e-01]
 [ 9.9423930e-02 -1.9991844e+00  5.3908594e-02 ...  6.1645303e-02
   8.5094087e-02  4.2212419e-02]]

Layer: linear2.bias
Values:
[-1.4212853   0.3962163   0.20641455 -0.07759176  0.17337567 -1.8922286
 -0.7484822  -2.0940824  -1.6525406  -0.6912816  -0.8533198  -1.5857053
  0.15277302 -1.8703905  -1.6741484   0.08738089 -2.1466973  -0.53306997
 -0.76973426 -0.28338832  0.9615215   0.16109337 -0.66976446 -1.7182326
  0.33422825  0.6644555  -1.9732137   0.07624873 -0.49062678 -1.7823293
 -1.3736221  -0.56228197]
Gradients:
[-0.06224834 -5.792845    3.57557     3.4379041   0.13075987 -0.05933015
 -1.8656108  -0.09845159 -0.07144613  0.13014403 -0.07563399 -0.05901925
 -1.121366   -0.07484785 -0.08907089  1.3889748  -0.08740474 -0.11023636
 -0.15286285 -0.11308574 -2.9329607   0.6327534  -4.516964   -0.08016388
 -1.7949312  -0.09676407 -0.07715096  0.11394186 -0.79161465 -0.07669146
 -0.0835924  -0.01359748]

Layer: output.weight
Values:
[[-0.9594883  -1.4079647  -1.7193886   0.43805984  2.0155127  -0.91450465
   1.5100317  -1.5174842  -1.1012502   2.0062199  -1.1657875  -0.9097076
  -0.6041848  -1.1536924  -1.3728817   1.3693866  -1.3471097  -1.6988937
  -2.356277   -1.7430046   1.1733477   1.2408683  -0.98934495 -1.235617
   0.7931782  -1.4915298  -1.1891907   1.7562674   2.057144   -1.1820948
  -1.2884486  -0.20952508]]
Gradients:
[[ -40.48493    49.4892    358.19186   147.77956   -25.901546  -46.915363
   -48.43306   -64.91596   -58.374245  -12.01526   -35.22175   -53.77959
  -101.562004  -52.51154   -60.77807   307.28848   -70.90144   -17.16333
   -23.563694  -19.055332 -190.65701    -9.04443   420.43225   -59.42415
   -29.314402  -12.500715  -54.701153  -26.174625  -85.73078   -64.78193
   -55.23096   -20.39263 ]]

Layer: output.bias
Values:
[1.2382684]
Gradients:
[6.4876122]

