Layer: linear1.weight
Values:
[[-4.2083895e-01 -2.7082807e-01  1.0099126e+00 ...  2.4788392e+00
  -6.8025775e+00  7.2777371e+00]
 [-9.1529991e-03  1.8541745e-03  8.4890528e+00 ...  1.8698472e-01
  -1.9590684e+00  1.7335302e+00]
 [-2.6923150e-01 -1.1962067e-01 -8.8449898e+00 ... -1.3431787e+01
  -5.7720795e+00  3.7769074e+00]
 ...
 [-1.6358964e-01  1.4583594e-02  2.8816538e+00 ...  1.5153823e+00
  -1.8740259e+00  8.0207914e-01]
 [-3.0911624e-01 -2.2705972e-02 -1.9183074e+00 ...  1.8444698e+00
  -4.8442760e+00  1.3331355e+01]
 [ 3.9685182e-02 -2.7643707e-01  2.9145637e+00 ... -9.6607685e-01
  -3.2956400e+00  1.7789227e+00]]
Gradients:
[[-1.03818733e+02 -3.24433556e+01 -3.53660852e-01 ... -6.25048637e-01
  -3.27224135e-01 -2.30258659e-01]
 [-1.05722012e+04 -3.30381372e+03 -3.29615059e+01 ... -5.20360641e+01
  -1.90028915e+01 -4.86378860e+01]
 [ 3.31475464e+02  1.03586044e+02  8.44362259e-01 ...  1.96755147e+00
   7.70734549e-01  1.61913919e+00]
 ...
 [-1.10160942e+01 -3.44252706e+00 -5.38578741e-02 ... -2.85474092e-01
   2.17392780e-02  7.87902772e-02]
 [-6.99945221e+01 -2.18732853e+01 -2.71933675e-01 ... -4.63348776e-01
  -1.65918246e-01 -1.17111102e-01]
 [-6.39699707e+01 -1.99906139e+01 -1.95920944e-01 ... -4.74198729e-01
  -1.51868045e-01 -1.58506110e-01]]

Layer: linear1.bias
Values:
[-1.8697836e-02 -4.5209128e-02  7.5096406e-02  1.5181395e-01
 -8.5865268e-03 -3.4785441e-01  3.2055501e-02  6.0978800e-02
 -3.3089188e-01 -1.5063296e-01 -2.9285699e-01  7.5308695e-02
 -1.1727473e-01 -2.9641797e-03  5.3039078e-02 -3.1844556e-01
 -1.3028255e-01 -2.8157735e-01 -3.1633276e-01 -1.5126909e-01
 -1.2936279e-01  3.6558476e-01 -1.4965194e-01 -2.4850387e-02
  5.4655056e-03 -3.9856139e-01 -4.7028166e-01 -9.5484771e-02
 -3.7806824e-01 -9.0720253e-03 -2.9190698e-01 -3.0944669e-01
 -2.6129562e-01  5.7629261e-02 -9.9103585e-02 -2.5039375e-01
  2.8326705e-02 -2.3562539e-01 -2.1591042e-01 -1.9404994e-01
 -3.8139924e-02 -2.2552550e-01 -2.1789341e-01 -1.2923148e-02
 -2.0845367e-01 -1.1723850e-01  3.1729111e-01 -3.1019121e-01
 -1.9106203e-01 -8.6383201e-02 -4.3159191e-02 -3.7188597e-02
 -2.0430826e-01 -1.0217737e-01 -3.5281408e-01 -3.0195549e-01
 -1.7920488e-01 -1.9631983e-01 -2.3852244e-01 -1.5949360e-01
 -5.5507597e-05 -5.7297036e-02 -1.4463842e-01 -2.7686295e-01]
Gradients:
[-2.5954688e-01 -2.6430506e+01  8.2868838e-01 -2.3531112e-01
 -1.6704928e+00 -4.9704038e-02 -4.1130856e-02  2.3828226e-01
 -9.7486749e-02 -3.8021602e-02 -1.6226482e-01  8.0526806e-03
  1.3135491e-02 -3.5049969e-01 -1.0745734e-01  9.6927941e-01
 -4.4257063e-02 -1.9388278e-01  1.2695965e-01  3.1195659e-02
 -2.7779761e-01  1.7521643e+01  7.5501196e-02 -4.2020100e-01
  3.5130215e-01 -1.2285418e-01 -1.7592192e-01  4.1685976e-02
 -2.8828096e-01 -1.3419941e-01 -1.0400298e+01 -1.1555742e-01
 -7.3683703e-01 -2.5735628e-02 -4.5287881e-02 -1.0332739e-01
  1.6224491e+01 -2.6795921e-01 -1.6923419e-01 -1.6985300e-01
 -1.0078892e-01 -2.0101914e-01 -1.1873233e-01 -4.2149682e-02
 -1.1869368e-01  2.5906280e-02  3.9846501e+00 -3.1955782e-03
 -1.3265617e-01 -1.3039804e-01 -1.6579813e-01 -1.1674700e-02
  1.9496048e+01 -6.8003222e-02 -4.5551753e-01 -1.8456979e-01
  1.4536392e-02 -2.9931343e-01 -4.2773198e-02 -1.5559085e+01
 -1.2741768e-01 -2.7540214e-02 -1.7498627e-01 -1.5992489e-01]

Layer: linear2.weight
Values:
[[ 1.7272215  -0.45186248  0.8304224  ...  1.3588451   1.2747053
   1.2439948 ]
 [-0.152322    0.10239939 -0.78051454 ... -0.05444578  0.02142938
  -0.15331118]
 [-0.23891343 -0.28839183 -0.5948119  ... -0.19091544 -0.41167215
  -0.14018656]
 ...
 [ 2.2750263  -1.1661521   1.433971   ...  1.8576734   1.9597677
   1.6468203 ]
 [ 1.1837457  -1.2669003   0.78658766 ...  1.2833691   1.0428507
   1.2586209 ]
 [ 0.5231736  -0.40685833  0.29532412 ...  0.6623724   0.67219675
   0.7422405 ]]
Gradients:
[[ 2.87856126e+00 -5.77545738e+01  1.83810210e+00 ...  1.72236991e+00
   2.37608027e+00  1.25558710e+00]
 [ 2.41669037e+02 -5.15620947e+03  1.55293991e+02 ...  1.52100952e+02
   1.98891327e+02  1.08965370e+02]
 [ 2.65774506e+02 -5.05579736e+03  1.73645142e+02 ...  1.52029617e+02
   2.20222412e+02  1.13564835e+02]
 ...
 [ 3.63816404e+00 -7.29949951e+01  2.32314420e+00 ...  2.17687368e+00
   3.00308704e+00  1.58691478e+00]
 [ 4.03785610e+00 -8.10142670e+01  2.57836723e+00 ...  2.41602635e+00
   3.33300877e+00  1.76125455e+00]
 [ 1.02024102e+00 -2.04697990e+01  6.51473641e-01 ...  6.10455036e-01
   8.42147946e-01  4.45014417e-01]]

Layer: linear2.bias
Values:
[-1.437807    0.42410168  0.20873848 -0.0926424   0.19018027 -1.9087352
 -0.7430173  -2.1112533  -1.6693312  -0.67277485 -0.87029076 -1.60226
  0.14907487 -1.8871233  -1.6912595   0.13047732 -2.1640935  -0.5686576
 -0.7899188  -0.3038597   0.9571228   0.13271043 -0.6597602  -1.7351584
  0.35951498  0.6534976  -1.9899745   0.09297605 -0.44302556 -1.7992002
 -1.3906323  -0.69601077]
Gradients:
[ -0.40657285 -34.70459    -36.751087    20.561657     0.8013751
  -0.39089063  11.595135    -0.6648808   -0.47599828   0.7786312
  -0.5101413   -0.39435172 -10.81606     -0.4916298   -0.6056091
  16.413809    -0.6094954   -0.7377032   -1.0030178   -0.7498693
   8.334183     0.49614948 -39.23        -0.5382996   11.581418
  -0.61075723  -0.507402     0.6860662   29.70245     -0.5138604
  -0.5703135   -0.14410056]

Layer: output.weight
Values:
[[-0.98664093 -1.5363024  -1.7704875   0.6681407   1.9451262  -0.9485601
   1.8182276  -1.6134255  -1.1550617   1.8897499  -1.2379304  -0.95692605
  -0.6859907  -1.1930342  -1.4695761   1.4864132  -1.4789878  -1.7902498
  -2.4339633  -1.8197705   1.7486744   1.2042702  -0.9987996  -1.3062335
   0.9465587  -1.4821905  -1.2313039   1.6653143   1.9634273  -1.2469302
  -1.3838894  -0.34947756]]
Gradients:
[[-251.31168  1931.4681   1286.0228   1985.4746   -140.44838  -292.97107
   103.642815 -389.97968  -356.9996    -52.962532 -201.84583  -328.7357
  1263.0679   -322.1808   -365.89948   519.9915   -425.51437  -117.980034
  -166.97522  -136.79518    63.743702  -90.04647  2924.0178   -362.73907
   276.21194   -90.18632  -337.4651   -151.83229   976.5588   -395.88214
  -344.36215  -164.23874 ]]

Layer: output.bias
Values:
[1.3803416]
Gradients:
[41.204025]

