Layer: linear1.weight
Values:
[[ -0.41611075  -0.2661006    1.4111433  ...   2.3594458   -7.8315144
    7.8815103 ]
 [ -0.03249011  -0.021483    12.098003   ...   0.2408074   -1.4950335
    2.029126  ]
 [ -0.28358254  -0.13397156 -12.68772    ... -13.583388    -6.7340255
    3.5718522 ]
 ...
 [ -0.23117988  -0.05300698   3.900889   ...   1.8091305   -3.3875082
    1.3491393 ]
 [ -0.24017105   0.0462379   -0.9413772  ...   1.7482975   -6.0864925
   14.233213  ]
 [  0.05754416  -0.25857684   3.760713   ...  -0.8210454   -4.9716067
    2.0432575 ]]
Gradients:
[[ 6.5382515e+01  2.0432034e+01  3.4601045e-01 ...  2.8051329e-01
   3.7930894e-01 -5.7984184e-02]
 [-2.1359573e+03 -6.6748676e+02 -6.7180276e-01 ...  1.4286057e+00
   1.6571331e+01 -3.1078806e+01]
 [ 1.4303030e+02  4.4696976e+01  3.5877645e-01 ...  6.2318718e-01
   1.9857541e-02  1.0091779e+00]
 ...
 [-6.3685197e-01 -1.9901608e-01  1.9045111e-02 ... -5.3100151e-01
  -6.0048241e-02  1.0772052e-01]
 [ 5.0967167e+01  1.5927241e+01  2.3125020e-01 ...  1.0637163e-01
   2.0664568e-01  9.2038199e-02]
 [ 2.0245949e+01  6.3268590e+00  8.8605285e-02 ...  4.3019466e-03
   5.9545107e-02  9.6540645e-02]]

Layer: linear1.bias
Values:
[-0.01396923 -0.06854633  0.06074541  0.22321501 -0.00734169 -0.36445194
  0.03373737  0.06886236 -0.314013   -0.17834508 -0.27221513  0.07763895
 -0.09503789  0.04487629  0.10002214 -0.3166561  -0.13124396 -0.27229553
 -0.30216175 -0.11925012 -0.12562248  0.3381556  -0.12152863  0.01809981
  0.02964045 -0.29052496 -0.37031752 -0.06413971 -0.3760347  -0.03209479
 -0.2860481  -0.2733865  -0.24194664  0.04496565 -0.04891245 -0.20509028
  0.02557824 -0.23309244 -0.21288092 -0.21661071 -0.00914225 -0.21459594
 -0.18517713  0.00221758 -0.20153953 -0.07082763  0.3168314  -0.3049722
 -0.15502253 -0.16168316  0.00190826 -0.051614   -0.20297591 -0.03187437
 -0.30600852 -0.26271966 -0.16685234 -0.22171853 -0.2548934  -0.17084691
  0.01228873 -0.1248883  -0.07569392 -0.25900313]
Gradients:
[ 1.63456321e-01 -5.33989143e+00  3.57575834e-01  1.07626133e-02
 -3.30607033e+00  1.01452731e-02  8.47877264e-02  1.55971348e-02
  5.24117723e-02 -2.73132157e-02  3.40892188e-02  7.34480172e-02
  1.43194914e-01  3.52460779e-02  6.39840364e-02  4.96599376e-01
  1.18464427e-02  2.28659719e-01  3.11729372e-01  9.90646407e-02
  9.65325907e-02  1.87569828e+01  1.58069104e-01  1.28129095e-01
  3.44224930e-01  2.01334834e-01  1.59641266e-01  3.71317565e-01
  4.70227096e-03  1.12253331e-01  1.20829916e+00  3.20810527e-01
 -2.50123322e-01 -6.91775084e-02  4.17382978e-02  2.89235264e-02
  4.77137032e+01  2.28731688e-02  4.67996635e-02  7.87564814e-02
  9.41071808e-02  3.14599305e-01  3.62729281e-01  1.98583961e-01
  1.12038687e-01  1.68282568e-01 -2.06974564e+01  1.37239546e-01
  3.62721570e-02 -1.01875216e-01  5.19110672e-02  1.29201502e-01
  3.00287533e+00  8.34902897e-02  1.71518460e-01  1.55731589e-01
  1.89592600e-01  9.67282653e-02  8.76436755e-02  1.57814989e+01
  1.65700763e-01 -1.59213319e-03  1.27417937e-01  5.06148748e-02]

Layer: linear2.weight
Values:
[[ 1.9960213  -0.5147817   1.0044899  ...  1.5522989   1.4837245
   1.3016589 ]
 [-0.21380843  0.15528882 -0.7996276  ... -0.1017757  -0.04944415
  -0.16873696]
 [-0.31172064 -0.36293873 -0.5515557  ... -0.17566761 -0.49028257
  -0.16194782]
 ...
 [ 2.545507   -1.2307469   1.6105871  ...  2.052831    2.1706917
   1.7068454 ]
 [ 1.3885959  -1.3340949   0.893929   ...  1.4679353   1.1970547
   1.3193954 ]
 [ 0.81567955 -0.46350875  0.5972951  ...  0.84530133  0.88967013
   0.761879  ]]
Gradients:
[[-2.65280843e-01 -1.90204751e+00 -1.84187829e-01 ... -1.17200062e-01
  -1.93323955e-01 -8.16081241e-02]
 [ 6.12727127e+01 -1.10178918e+03  5.17817497e+01 ...  6.03049812e+01
   3.24275970e+01  2.45194912e+01]
 [-1.37289093e+02  1.10549280e+03 -1.13255089e+02 ... -1.05198074e+02
  -8.22804565e+01 -4.95688744e+01]
 ...
 [-3.30533206e-01 -2.36990213e+00 -2.29493335e-01 ... -1.46028221e-01
  -2.40876764e-01 -1.01681694e-01]
 [-3.69048297e-01 -2.64605474e+00 -2.56234705e-01 ... -1.63044155e-01
  -2.68944681e-01 -1.13530070e-01]
 [-1.07405417e-01 -7.70090342e-01 -7.45728910e-02 ... -4.74512950e-02
  -7.82719031e-02 -3.30410302e-02]]

Layer: linear2.bias
Values:
[-1.6525677   0.48728928  0.269542   -0.07471004  0.0725314  -2.1231675
 -0.7778179  -2.3306842  -1.8859867  -0.6767208  -1.0238351  -1.8171129
  0.07722836 -2.1036143  -1.910168    0.06689394 -2.319709   -0.8058966
 -0.95103455 -0.5220379   0.8369186  -0.03942336 -0.6214421  -1.9528954
  0.4159495   0.521704   -2.1427336   0.08494853 -0.3960593  -2.0165467
 -1.5451115  -0.96351314]
Gradients:
[ 2.5811374e-02 -9.9152184e+00  1.9072586e+01  8.2184744e+00
 -4.3152366e-02  2.5448777e-02  1.2141055e+01  4.1734226e-02
  3.0088829e-02 -3.8922399e-02  3.2993305e-02  2.5364000e-02
 -1.0168383e+01  3.1389687e-02  3.7816364e-02 -2.6316788e+01
  3.8461700e-02  4.3649856e-02  5.9458595e-02  4.4217069e-02
 -1.6694235e+01 -5.9844244e-01 -2.3294578e+00  3.4147717e-02
  6.5052061e+00  1.7536609e+00  3.2316033e-02 -3.6816455e-02
  1.1484862e+01  3.2160312e-02  3.5907749e-02  1.0450362e-02]

Layer: output.weight
Values:
[[-1.0934488  -1.6703117  -1.9681174   0.7897498   1.8279682  -1.0780871
   2.257599   -1.7679168  -1.274627    1.6479952  -1.3977386  -1.0744659
  -0.9968534  -1.3297273  -1.6019603   1.7544866  -1.6293008  -1.8491194
  -2.518264   -1.8728607   2.2248561   0.99116975 -0.95752263 -1.4465336
   0.9595051  -1.7421441  -1.3689537   1.5596406   1.9743046  -1.3623478
  -1.5210255  -0.44276574]]
Gradients:
[[   -2.6182528   803.24054   -1811.8428     1191.0444      -36.414005
     -5.853303    119.57152       6.650473     -4.41187      14.924436
     18.930746     -9.768178   1199.0419       -4.137492      5.2432427
  -1151.2719        5.670851     25.29451     -45.045        -7.799404
   -311.0083      -39.07657    1287.0004       -8.040758     75.95508
    -65.525795     -5.0657005   -32.541023    748.06903      -7.334118
    -20.535988     -5.0459557]]

Layer: output.bias
Values:
[1.5777308]
Gradients:
[-2.3609574]

