Layer: linear1.weight
Values:
[[-3.8928807e-01 -2.3927711e-01  1.3207687e+00 ...  2.4219949e+00
  -6.9971848e+00  7.7270541e+00]
 [-1.9327395e-02 -8.3202226e-03  1.0649652e+01 ...  2.2766957e-01
  -1.6350815e+00  1.9189411e+00]
 [-2.7660841e-01 -1.2699735e-01 -1.1215367e+01 ... -1.3414785e+01
  -6.3044329e+00  3.6389673e+00]
 ...
 [-1.8504332e-01 -6.8699410e-03  3.6602492e+00 ...  1.5442547e+00
  -2.1679688e+00  1.1524959e+00]
 [-2.2966795e-01  5.6742024e-02 -1.1868593e+00 ...  1.8500644e+00
  -5.0414543e+00  1.3978127e+01]
 [ 5.6521650e-02 -2.5960019e-01  3.5915971e+00 ... -9.6309042e-01
  -3.6944630e+00  2.0004940e+00]]
Gradients:
[[-7.13226128e+00 -2.22883129e+00 -6.98963776e-02 ... -9.59507283e-03
   9.33323056e-03 -8.49499926e-02]
 [ 1.41673315e+03  4.42729004e+02 -1.28750753e+00 ... -1.09156685e+01
   3.54522419e+00  4.98892593e+00]
 [-6.84379959e+01 -2.13868713e+01  4.27979454e-02 ... -2.19711304e-01
  -1.87817603e-01 -1.78413123e-01]
 ...
 [-3.98849144e+01 -1.24640369e+01 -1.78309605e-01 ... -1.79992944e-01
   8.24861415e-03 -2.35599145e-01]
 [-2.05474281e+01 -6.42107153e+00 -9.34575126e-02 ... -1.33100554e-01
   5.24897501e-03 -1.52419627e-01]
 [-3.96562552e+00 -1.23925757e+00 -2.81530693e-02 ...  6.08817767e-03
   5.96389584e-02 -8.74816626e-02]]

Layer: linear1.bias
Values:
[ 0.0128542  -0.05538353  0.06771988  0.1857867  -0.00461063 -0.34473407
  0.04417344  0.05633951 -0.28471595 -0.14216067 -0.24533142  0.07654899
 -0.07387261  0.02763792  0.09058233 -0.32372153 -0.06438085 -0.24594729
 -0.31548986 -0.14679849 -0.12712358  0.35160512 -0.10749014  0.02370731
  0.028029   -0.34354436 -0.4197052  -0.07873434 -0.34028628  0.02960452
 -0.287638   -0.27019235 -0.24532045  0.05829997 -0.04475344 -0.21664417
  0.02081583 -0.21981211 -0.19766647 -0.1792964   0.01590222 -0.19191721
 -0.1701616  -0.01043621 -0.18245345 -0.08596591  0.31777585 -0.3075152
 -0.18719898 -0.17782372  0.01013162 -0.01749374 -0.2052645  -0.04451614
 -0.30952257 -0.26957887 -0.17713849 -0.1947433  -0.23724434 -0.1645526
  0.03016147 -0.07875106 -0.06519017 -0.26002622]
Gradients:
[-1.7830649e-02  3.5418320e+00 -1.7109497e-01  5.7560407e-02
 -3.2213092e+00 -3.4667537e-02 -7.3112361e-03 -2.2148723e-02
 -9.8674387e-02 -7.7241637e-02 -1.2053292e-02 -5.6677669e-02
 -5.5813927e-02  4.1090898e-02 -8.0511883e-02 -1.4587185e-01
 -2.3447167e-02  4.7716964e-03  3.9738905e-02  2.7772408e-02
  1.4066898e-02 -4.9457169e+00 -1.2174402e-01  4.3525705e-03
 -1.4105046e-01 -2.8732175e-02 -1.8377272e-02  8.6424481e-03
  5.2921986e-03 -8.7712318e-02  1.9262633e+00  2.9960604e-02
 -6.5472424e-02 -4.4005036e-02 -1.9973405e-02  5.2278526e-02
 -2.1189632e+01  2.8473902e-03 -6.7200236e-02  1.0501261e-02
 -4.1780911e-02  2.1179020e-03  1.3808340e-02 -2.8895421e-02
 -5.6278929e-02 -7.9696134e-02  1.0709535e+01 -6.5373823e-02
 -2.8876228e-02  5.7337902e-02 -7.4831899e-03 -3.5399739e-02
 -4.6184049e+00  1.0523308e-02  2.8638972e-02  9.7278841e-03
 -5.5073194e-02  2.5939006e-02 -4.8974141e-02  8.0675392e+00
  1.8729096e-02 -9.9712297e-02 -5.1368564e-02 -9.9140638e-03]

Layer: linear2.weight
Values:
[[ 1.8220783  -0.47768375  0.84958464 ...  1.443089    1.3420025
   1.2759917 ]
 [-0.18880172  0.16570851 -0.82719105 ... -0.09551179 -0.02812164
  -0.17994112]
 [-0.2923303  -0.32598034 -0.54979867 ... -0.2012683  -0.4681576
  -0.16449791]
 ...
 [ 2.3702996  -1.1922581   1.4539064  ...  1.9422973   2.0276916
   1.6798122 ]
 [ 1.2793602  -1.2933221   0.8068448  ...  1.368338    1.1111904
   1.2921032 ]
 [ 0.6269301  -0.43542796  0.41932237 ...  0.74394405  0.7438674
   0.812163  ]]
Gradients:
[[-4.22061265e-01  8.03418446e+00 -3.34309429e-01 ... -3.66162807e-01
  -2.53569186e-01 -1.96030587e-01]
 [ 6.07815456e+00 -1.98399704e+02  4.74476337e+00 ...  2.93730068e+00
   4.81307077e+00  1.88679171e+00]
 [-1.10012115e+02  2.29013257e+03 -8.90279694e+01 ... -9.34348068e+01
  -6.77223587e+01 -5.07415123e+01]
 ...
 [-5.31469822e-01  1.01168470e+01 -4.20970708e-01 ... -4.61081326e-01
  -3.19300771e-01 -2.46846616e-01]
 [-5.86156487e-01  1.11578350e+01 -4.64287341e-01 ... -5.08525193e-01
  -3.52155834e-01 -2.72246242e-01]
 [-1.73521489e-01  3.30308509e+00 -1.37444228e-01 ... -1.50540099e-01
  -1.04249626e-01 -8.05938020e-02]]

Layer: linear2.bias
Values:
[-1.4902601   0.4686334   0.25053486 -0.06867863  0.1141561  -1.9611331
 -0.762698   -2.165934   -1.7226987  -0.6658509  -0.9243084  -1.6549436
  0.10983378 -1.9402578  -1.7457798   0.11656445 -2.219237   -0.64052373
 -0.8486309  -0.3572898   0.9063663   0.06538469 -0.63414234 -1.789049
  0.3903707   0.55412287 -2.0432022   0.15138218 -0.41249552 -1.8528877
 -1.4449189  -0.79307646]
Gradients:
[  0.06797267  -0.840276    17.548649    -1.8367258   -0.12192543
   0.06566598  -5.873929     0.11008141   0.07963249  -0.11542572
   0.0860429    0.06655733   1.3869593    0.08181097   0.10051459
 -10.4179735    0.10092741   0.11904661   0.16049503   0.12027197
   2.9776974   -0.07139008   8.05329      0.08957823   0.5560384
  -2.070405     0.08424456  -0.10396467  -6.9359994    0.08559287
   0.09440011   0.02794552]

Layer: output.weight
Values:
[[-1.0498513  -1.6043484  -1.8850332   0.76959646  1.883967   -1.014216
   2.0189257  -1.700415   -1.2299968   1.7835499  -1.3290184  -1.0279906
  -0.79206705 -1.263647   -1.5526172   1.642615   -1.5589979  -1.8389409
  -2.4793038  -1.8579522   2.1498623   1.1031568  -0.99594843 -1.383657
   0.964518   -1.3356856  -1.3012464   1.6064656   1.9147629  -1.3220844
  -1.4581596  -0.43143684]]
Gradients:
[[  34.43306  -272.9601   -794.7009   -483.5261     27.096918   41.5009
   -48.24629    53.857536   49.11817     6.296447   28.603085   48.121685
  -333.51987    44.4384     52.54441  -427.1549     60.566025   23.308273
    25.654636   41.188557  115.53219    12.447617 -494.74457    51.52242
    90.73294    90.159836   47.522236   27.940731 -298.4933     56.475388
    49.082214   25.753214]]

Layer: output.bias
Values:
[1.471995]
Gradients:
[-6.47266]

