Layer: linear1.weight
Values:
[[ -0.287446    -0.13743325  -1.2157574  ...  -0.08732563  -0.496625
    3.2378411 ]
 [ -0.05595796  -0.04495033   4.4765925  ...   0.8052558   -0.48063916
    0.8491454 ]
 [ -0.25560436  -0.10599303  -5.3531985  ... -11.392626    -1.9027416
    2.9653594 ]
 ...
 [ -0.15470819   0.02346586   1.7906713  ...  -1.8706944    1.0947253
   -1.7238743 ]
 [ -0.15487209   0.13153762  -3.8656814  ...  -0.03718822  -0.490907
    7.3088474 ]
 [  0.04280671  -0.27331585   2.0590818  ...  -2.8192441    0.7049283
   -0.25488046]]
Gradients:
[[ 4.0134869e+00  1.2542142e+00 -1.7859373e-02 ... -1.2100169e-01
  -1.8826874e-02  3.6503356e-02]
 [-1.6582666e+03 -5.1820831e+02 -5.4151812e+00 ... -2.2796965e+01
  -4.4546456e+00 -1.0333159e+01]
 [ 4.3080967e+01  1.3462799e+01  1.0319837e-01 ... -2.0997430e-01
   5.7963926e-02  3.8174999e-01]
 ...
 [ 2.8510309e+01  8.9094696e+00  5.8292374e-02 ... -8.1035428e-02
   3.2348230e-02  1.3253616e-01]
 [ 9.6144943e+00  3.0045297e+00 -4.6225898e-03 ... -2.4404420e-02
   2.2185447e-03  4.6597950e-02]
 [ 1.5794464e+01  4.9357719e+00  2.9002517e-02 ... -2.0134574e-01
  -2.1546055e-04  1.1212418e-01]]

Layer: linear1.bias
Values:
[ 0.11469643 -0.09201478  0.08872394  0.24346158 -0.00709204 -0.32186472
  0.07230277  0.13165767 -0.15690322 -0.0954048  -0.23167135  0.1406927
 -0.13435712  0.05197547  0.09562794 -0.27517462 -0.11301669 -0.21970406
 -0.21563573 -0.0749965  -0.06246237  0.3314675  -0.06312454  0.04555606
  0.02736518 -0.22544785 -0.30658567 -0.05917165 -0.31750476  0.11559934
 -0.3219819  -0.22806948 -0.21253707  0.08980582 -0.06848542 -0.14493945
  0.01907178 -0.15063432 -0.09107357 -0.12644793  0.00291589 -0.13686556
 -0.10922003  0.07438842 -0.06384177 -0.09771373  0.30367905 -0.21465556
 -0.13178226 -0.01933122  0.03839714  0.02830399 -0.21226218 -0.05200366
 -0.26503634 -0.26015353 -0.0972876  -0.1100401  -0.1908446  -0.20128365
  0.05370289 -0.04841537  0.00960585 -0.27374193]
Gradients:
[ 1.00337164e-02 -4.14566708e+00  1.07702389e-01  2.08652578e-02
 -1.78598359e-01  2.70713605e-02  3.77155393e-02  2.72222850e-02
  5.88943064e-02  6.23554699e-02  1.52318990e-02  5.87780997e-02
  6.94649965e-02  1.27157439e-02  2.08209921e-02  1.46545485e-01
  3.48053649e-02  2.26848479e-02  3.82824391e-02 -6.99800206e-04
  3.75549379e-03  3.00946474e-01  6.82848245e-02 -2.78216787e-03
  1.01137646e-01  6.89811558e-02  7.23770559e-02  3.49320695e-02
  1.68308392e-02  3.72833833e-02 -8.04954097e-02  4.05834354e-02
 -4.33453083e+00  2.23913025e-02  1.71195436e-02  7.01521058e-04
  5.59903574e+00 -1.39334239e-04  1.11058932e-02  1.13871731e-02
  4.18545343e-02  1.33885574e-02  4.97762859e-02  4.80441516e-03
  8.41448735e-03  9.21715200e-02  3.49426675e+00  2.46043084e-03
  3.70071009e-02 -5.95753288e+00  5.29475790e-03  6.17816709e-02
  1.35045433e+01  1.12369377e-02 -1.05559668e-02  1.32439099e-02
 -1.48479978e-03  3.00802430e-03 -3.30564217e-05 -6.86735725e+00
  1.82234887e-02  7.12757632e-02  2.40362342e-02  3.94861624e-02]

Layer: linear2.weight
Values:
[[ 2.5906521e-01 -1.5425399e-01  2.3258069e-01 ...  9.8521590e-02
   1.1628214e-04  2.5306657e-01]
 [-1.1690333e-01 -1.3753855e-02 -5.5372983e-01 ... -5.2476633e-02
   6.9635756e-02 -1.3020763e-01]
 [-9.9535845e-02  1.7985477e-01  2.3089165e-03 ...  5.1525183e-02
  -1.3125749e-01  1.4305632e-01]
 ...
 [ 9.1606706e-01 -8.4303188e-01  8.2609266e-01 ...  6.2696803e-01
   7.5116062e-01  6.5221971e-01]
 [-7.4583493e-02 -9.6336526e-01  2.1400310e-01 ...  1.6598316e-01
  -5.5187535e-02  3.6477074e-01]
 [-1.8908040e-01 -2.7962634e-01 -3.6794418e-01 ...  1.3733207e-01
  -4.3942615e-02  1.4266916e-01]]
Gradients:
[[ 4.1535944e-02 -4.0373540e-01  5.8933184e-02 ...  5.2510362e-02
   2.3086121e-02  3.9095107e-02]
 [ 7.3497829e+00 -4.7791332e+01  7.2002835e+00 ...  8.6487284e+00
   3.5271144e+00  6.0275855e+00]
 [ 2.5651056e+01 -1.6333289e+02  3.8354969e+01 ...  2.9892576e+01
   1.4526977e+01  2.3573637e+01]
 ...
 [ 1.9323720e-01 -1.8782936e+00  2.7417409e-01 ...  2.4429336e-01
   1.0740329e-01  1.8188170e-01]
 [ 2.6327959e-01 -2.5591156e+00  3.7355360e-01 ...  3.3284199e-01
   1.4633361e-01  2.4780810e-01]
 [-3.9724860e-02  3.8613141e-01 -5.6363527e-02 ... -5.0220765e-02
  -2.2079501e-02 -3.7390448e-02]]

Layer: linear2.bias
Values:
[-0.08431343  0.41843104  0.0360043  -0.3701991  -0.07158782 -0.5809813
 -0.67885685 -0.85041577 -0.41940144 -0.4344835   0.03387222 -0.23452461
  0.2174814  -0.58105665 -0.43334064 -0.11186004 -0.9041099  -0.25544745
 -0.60702366 -0.02661392  0.49080935 -0.06930231 -0.5390151  -0.4675337
  0.19921552  0.61095107 -0.64489627 -0.05082849 -0.4202168  -0.53492916
 -0.22819848 -0.02869982]
Gradients:
[-0.01182029 -2.136332   -6.9496775   1.4644701   2.1564517  -0.02507641
  4.5010843  -0.09356692 -0.046537    4.99592    -0.07043635 -0.03072595
 -3.0706968  -0.04957594 -0.08340164  5.3259244  -0.07963021 -0.12087592
 -0.14227061 -3.070119    0.86780864  2.0515203  -3.4635265  -0.05932917
  0.03833712 -3.6306272  -0.05007915 -0.42856565  3.6414447  -0.05499139
 -0.07492404  0.01130489]

Layer: output.weight
Values:
[[-0.09829006 -0.5861392  -0.7331539   0.28137732  1.3220227  -0.20879242
   1.6957458  -0.7792251  -0.3875135   1.8700815  -0.5866852  -0.25585184
  -0.37264    -0.4128481  -0.6945125   1.3660408  -0.6631114  -1.006682
  -1.185253   -0.8981551   0.23197833  0.9029878  -0.55961794 -0.49408293
   0.20422147 -0.44102913 -0.4170446   1.2971236   1.5639168  -0.4579531
  -0.62407863  0.09409803]]
Gradients:
[[ -6.2783732 168.32631   260.02145   280.31647   -26.871983  -10.442283
   32.413807  -29.070826  -24.287178   10.324031   -9.703543  -15.64404
  397.02417   -18.412035  -23.609528   12.8379135 -33.08224   -14.671153
  -18.97277    53.04512   274.65393    -4.405276   82.22459   -23.94557
   -4.041551  128.92528   -18.2125    -20.271744   45.577618  -28.885807
  -21.82799    -6.962861 ]]

Layer: output.bias
Values:
[0.02572916]
Gradients:
[12.005581]

