Layer: linear1.weight
Values:
[[ -0.3652143   -0.21520379   0.67868805 ...   2.518809    -6.4395456
    6.422081  ]
 [ -0.05865121  -0.04764408   6.9080153  ...   0.0733171   -2.2768366
    1.6347282 ]
 [ -0.2013608   -0.05174888  -6.7065387  ... -13.263954    -4.9948287
    3.621469  ]
 ...
 [ -0.13597848   0.04219442   2.4145336  ...   1.4866732   -1.6858628
    0.24451108]
 [ -0.23160626   0.05480397  -2.3938234  ...   1.9117638   -4.595337
   12.355805  ]
 [  0.09516471  -0.22095774   2.4422686  ...  -1.1872294   -3.1965725
    1.3041773 ]]
Gradients:
[[ 3.55272217e+01  1.11022530e+01  1.04854338e-01 ...  4.83518302e-01
   2.00719625e-01  1.71295226e-01]
 [ 1.10514612e+03  3.45358215e+02  3.44570541e+00 ...  1.32088823e+01
   4.49636650e+00  3.91820431e-01]
 [-2.98678398e+00 -9.33369279e-01 -2.91201770e-02 ... -4.35889900e-01
  -2.64768362e-01  2.17918903e-02]
 ...
 [ 2.96329708e+01  9.26030636e+00  3.77634093e-02 ...  1.60351366e-01
   6.15131482e-02  2.12466806e-01]
 [ 3.89517326e+01  1.21724138e+01  9.99373794e-02 ...  3.79750013e-01
   1.77859843e-01  1.47266611e-01]
 [ 2.18229084e+01  6.81966019e+00  3.01165879e-02 ...  1.11874424e-01
   5.20026311e-02  1.30437344e-01]]

Layer: linear1.bias
Values:
[ 0.03692624 -0.09470742  0.14296782  0.25592592  0.00067605 -0.3063842
  0.10098354  0.15072627 -0.28989795 -0.09613962 -0.23728193  0.11381956
 -0.05883938  0.07484342  0.14600384 -0.2624042  -0.10974904 -0.20399633
 -0.20205133 -0.06073367 -0.08306026  0.32479373 -0.05751613  0.01710969
  0.04849975 -0.33731708 -0.41398507 -0.00147763 -0.3466048   0.04912151
 -0.29025477 -0.245988   -0.209089    0.09271659 -0.02966954 -0.1558621
  0.02068755 -0.16301346 -0.14873327 -0.13021107  0.00490225 -0.16732505
 -0.13888085  0.04766332 -0.16105682 -0.05341148  0.31007823 -0.28373632
 -0.14554796 -0.01432329  0.00882873  0.00586291 -0.20665461 -0.04114578
 -0.30393833 -0.28560516 -0.13328648 -0.10867141 -0.20408803 -0.19892275
  0.06456286 -0.02968634 -0.06712835 -0.22138342]
Gradients:
[ 8.88180435e-02  2.76286554e+00 -7.46698305e-03  3.17383818e-02
  2.11423349e+00  4.02167812e-02  2.36982144e-02 -5.74830845e-02
  8.44997019e-02  6.01939559e-02  4.24958244e-02  6.25999570e-02
  5.08528203e-02  3.64586338e-02  5.30295260e-02  7.93487392e-03
  1.02708582e-03  8.06974322e-02  3.20116691e-02  1.15890130e-02
  7.55617991e-02 -3.83269787e-02  8.60096216e-02  9.96054113e-02
  7.27045462e-02  1.05914488e-01  9.69080701e-02  5.22080734e-02
  6.44382983e-02  9.87266973e-02  6.04775095e+00  8.28114599e-02
  9.32919121e+00  5.73331639e-02  2.94759348e-02 -2.49035656e-02
  2.16345291e+01  5.78367710e-02  7.36112520e-02  1.03111193e-03
  7.00077862e-02  1.24239989e-01  1.01948246e-01  1.06464639e-01
  6.39939159e-02  8.00582096e-02 -9.90061378e+00  6.60155416e-02
  8.01564530e-02  7.36735344e-01  5.22603467e-02  5.79780005e-02
  1.49075575e+01  4.00542766e-02  1.09132096e-01  7.93011189e-02
  6.95995837e-02  3.74398939e-03  5.45777194e-02  4.51006317e+00
  5.16760610e-02  7.40824267e-02  9.73793343e-02  5.45572788e-02]

Layer: linear2.weight
Values:
[[ 1.5384512  -0.41361585  0.8457466  ...  1.2201452   1.1474633
   1.1948966 ]
 [-0.09236763 -0.15276943 -0.6818478  ...  0.03564428  0.10645305
  -0.06440564]
 [-0.2841838  -0.23269454 -0.57389694 ... -0.20464277 -0.42549416
  -0.14739701]
 ...
 [ 2.0900998  -1.1079353   1.4052584  ...  1.7231412   1.8336985
   1.5830381 ]
 [ 0.99843085 -1.2085705   0.75761276 ...  1.1486652   0.91630495
   1.1945153 ]
 [ 0.35527566 -0.52996415  0.21872248 ...  0.56029314  0.52977777
   0.6376676 ]]
Gradients:
[[-3.1125522e-01  3.1176739e+00 -2.4951866e-01 ... -2.3651607e-01
  -2.1754393e-01 -1.1606485e-01]
 [-1.7711365e+01  2.1522597e+02 -1.2110928e+01 ... -1.5196400e+01
  -1.2251895e+01 -7.1916447e+00]
 [-2.3598978e+01  3.5757870e+02 -2.5716305e+01 ... -1.5659269e+01
  -1.6354473e+01 -8.3895788e+00]
 ...
 [-3.8009298e-01  3.8071835e+00 -3.0470246e-01 ... -2.8882426e-01
  -2.6565647e-01 -1.4173388e-01]
 [-4.1378430e-01  4.1446519e+00 -3.3171135e-01 ... -3.1442559e-01
  -2.8920415e-01 -1.5429716e-01]
 [-7.8728206e-02  7.8857768e-01 -6.3112684e-02 ... -5.9823867e-02
  -5.5025093e-02 -2.9357180e-02]]

Layer: linear2.bias
Values:
[-1.3686129   0.36695096  0.2324467  -0.08235464  0.15709901 -1.8298624
 -0.7816147  -2.0355182  -1.5945817  -0.646377   -0.7951837  -1.5233002
  0.1668995  -1.8074604  -1.6157407  -0.00617399 -2.088381   -0.5257345
 -0.7344596  -0.2612515   0.9026441   0.12505391 -0.6617921  -1.6600051
  0.33486912  0.69218963 -1.9102144   0.09326476 -0.5404387  -1.724198
 -1.3152598  -0.55185324]
Gradients:
[ 0.05772224  3.1637497   4.238183   -2.2922587  -3.9563513   0.05524
  1.9687136   0.0893817   0.06581848  3.7874715   0.06995234  0.05507994
  0.9981441   0.0686764   0.08150131 -4.912682    0.07980888 -0.9448275
 -1.8373497   2.782072   -3.5655053   1.1887262   3.860833    0.07354236
 -4.4458847  -3.7202415   0.07068004 -2.724678   -0.9541888   0.07048818
  0.07673625  0.01460014]

Layer: output.weight
Values:
[[-1.0226965  -1.4738488  -1.7066509   0.41372627  2.0051365  -0.9787092
   1.3955053  -1.5838     -1.1661996   2.0520232  -1.2394583  -0.9758583
  -0.5966946  -1.2168297  -1.4441434   1.5128777  -1.4141499  -1.7028729
  -2.2779083  -1.7661588   0.99131554  1.2185237  -0.9367465  -1.3030763
   0.788493   -1.5117655  -1.2523409   1.7664782   1.9745861  -1.248955
  -1.3596708  -0.2584515 ]]
Gradients:
[[  16.82342     16.92887     41.18192     78.32633    -25.15546
    19.759483    69.33935     26.949804    25.69967     30.468334
    11.298669    21.824234    64.83496     22.431366    25.780746
  -198.44543     31.247124    17.623274    15.559667     4.6365337
  -154.98775    -57.419937  -243.46747     26.277895   -84.59326
  -263.40512     23.10589    -26.995075   113.54686     28.85686
    25.280155    12.384073 ]]

Layer: output.bias
Values:
[1.198141]
Gradients:
[-5.642554]

