Layer: linear1.weight
Values:
[[ 0.01205109  0.00998404 -0.24642475 ... -0.0332297   0.14116181
   0.20327683]
 [ 0.11723325  0.07290057 -0.46171302 ... -0.39960048  0.02954856
  -0.09230184]
 [ 0.13893998  0.03954735 -0.42454147 ... -0.3032164   0.69812053
  -0.7352484 ]
 ...
 [ 0.00953606  0.07713214 -0.17988245 ... -0.21318468  0.07684706
  -0.3309456 ]
 [-0.24538355  0.00139295 -0.48355186 ... -0.6579334   0.25643045
  -0.4360537 ]
 [ 0.16340955  0.1442655   1.0539606  ...  1.1282595  -0.74388164
   0.97757596]]
Gradients:
[[ 5.79439523e-03  1.81074871e-03  2.97851184e-05 ...  3.22460728e-05
   1.69697323e-05  8.18889930e-07]
 [-1.24373354e-01 -3.88666578e-02 -6.39321515e-04 ... -6.92123373e-04
  -3.64239211e-04 -1.75802852e-05]
 [-1.64923692e+00 -5.15386581e-01 -8.47764406e-03 ... -9.17781238e-03
  -4.82994970e-03 -2.33119354e-04]
 ...
 [-6.76099882e-02 -2.11281199e-02 -3.47538502e-04 ... -3.76241835e-04
  -1.98002555e-04 -9.55659198e-06]
 [-1.82116389e+00 -5.69113791e-01 -9.36140772e-03 ... -1.01345703e-02
  -5.33345342e-03 -2.57422216e-04]
 [ 2.26316711e+02  7.07240143e+01  1.16334581e+00 ...  1.25942647e+00
   6.62790418e-01  3.19898129e-02]]

Layer: linear1.bias
Values:
[-0.05671701  0.06910114  0.17237882 -0.17302059 -0.08050158 -0.13460465
 -0.12278659  0.09741392  0.08724966 -0.0147036   0.20582004  0.17208873
 -0.24387406 -0.06598688 -0.15454395 -0.16930746  0.16021734 -0.10012119
  0.0991285   0.07882433 -0.17294383  0.12175015  0.04576508  0.10338835
 -0.03235492 -0.08252573  0.04920544 -0.13183665  0.00451807 -0.26423663
  0.14873293 -0.17955856  0.07117811 -0.09105549 -0.21416213  0.15151975
  0.12803608  0.13726461  0.00168218 -0.20251364 -0.27668208  0.0994878
 -0.20200938 -0.17448865 -0.23124771 -0.06605481 -0.01343614 -0.0369835
 -0.25230917 -0.06162811  0.16983537 -0.24285932  0.04157725 -0.22488344
  0.20122159  0.11574338 -0.20406456 -0.15425727 -0.05972506 -0.12179329
 -0.08288535 -0.1188473  -0.0642146   0.03786556]
Gradients:
[ 1.4485990e-05 -3.1093333e-04 -4.1230926e-03 -6.4517800e-03
 -3.7940764e-03 -2.7103888e-04 -1.2878920e-03  5.2730048e-01
  7.3177431e-04  1.0283785e-03  8.1528747e-04  7.6478370e-04
  3.5019190e-04  1.2513667e-03  1.0141169e-03 -3.6347228e-05
 -7.1340627e-03 -7.6269754e-04  4.3690595e-04  9.5681084e-04
  3.4366771e-05 -2.0715127e-04  1.2628895e-03 -3.9437308e-04
  1.4635228e-04  9.3838642e-04 -2.6848640e-03 -2.9267762e-03
  1.9310320e-04  1.9156843e-03 -2.1619317e-03 -1.6477604e-03
  1.0888075e-04  2.7245143e-04  1.1583411e-03 -6.5278076e-03
 -7.5666793e-04 -2.4914769e-03  6.1511109e-04  9.1128878e-04
  1.8611005e-04  2.0656453e-03 -8.3531311e-04  7.5655640e-04
  1.4930610e-03  1.4070007e-03  5.8477512e-04  6.7369723e-01
  6.1903942e-01 -6.6245819e-05 -6.3848412e-03 -7.6166668e-04
 -4.8118206e-03 -3.7280819e-04  7.7760674e-04  2.5083451e-04
 -1.6496345e-04  7.8648690e-04  3.7546843e-04 -1.2437767e-05
 -2.6350915e-03 -1.6902498e-04 -4.5529101e-03  5.6579196e-01]

Layer: linear2.weight
Values:
[[-0.06127561  0.01571219  0.02240886 ... -0.04127484 -0.04345008
   0.13122858]
 [ 0.07950535  0.19027336  0.24310383 ... -0.00309466  0.31340453
  -0.08969827]
 [-0.01224531 -0.02746456  0.07356507 ... -0.06120075  0.10986911
  -0.06272405]
 ...
 [-0.00922792  0.15529913  0.22209957 ... -0.02490778  0.19821815
  -0.2091291 ]
 [ 0.15249923  0.03208826  0.08002032 ...  0.12519939  0.08081968
  -0.00614872]
 [ 0.07645927  0.0052896  -0.03598124 ...  0.02280574 -0.10746337
  -0.06582174]]
Gradients:
[[-1.4627758e-01 -1.3008085e-01 -5.0572038e-01 ... -4.4205585e-01
  -9.1181368e-01  3.5692059e+01]
 [ 1.5865938e-03  1.4109162e-03  5.4852762e-03 ...  4.7947424e-03
   9.8899528e-03 -3.8713259e-01]
 [ 2.8638209e-03  2.5467204e-03  9.9009881e-03 ...  8.6545646e-03
   1.7851477e-02 -6.9877881e-01]
 ...
 [ 9.6240139e-04  8.5583841e-04  3.3272775e-03 ...  2.9084107e-03
   5.9990804e-03 -2.3482816e-01]
 [ 1.7648980e-04  1.5694773e-04  6.1017205e-04 ...  5.3335819e-04
   1.1001398e-03 -4.3063909e-02]
 [ 6.5755121e-05  5.8474307e-05  2.2733294e-04 ...  1.9871426e-04
   4.0988106e-04 -1.6044401e-02]]

Layer: linear2.bias
Values:
[ 0.07122093 -0.09831558 -0.03827123 -0.04329616  0.13427679 -0.00094953
 -0.00219286  0.00418549  0.01940201 -0.03235384  0.03447522 -0.00129097
 -0.07323221 -0.17950429 -0.15520594 -0.11760041 -0.09910466 -0.05017121
 -0.05153537 -0.00327535  0.13609421 -0.06366526 -0.16388838 -0.08109561
 -0.09697361 -0.0776701   0.04432935 -0.1945738  -0.00709158  0.01390362
 -0.08534282  0.02342889]
Gradients:
[ 6.95809543e-01 -7.54706841e-03 -1.36225466e-02 -1.09582655e-02
  5.03321085e-03 -3.98982782e-04  8.64466578e-02 -5.87389059e-03
 -1.23293959e-02 -2.23526172e-03 -8.44162132e-04 -5.16797940e-04
  2.01979885e-03  1.17990817e-03 -1.86712062e-03 -2.76138680e-03
 -3.02886881e-04  6.09967709e-01 -5.01860538e-03 -1.30554736e-02
  1.43416977e+00 -2.06222385e-03 -1.44881220e-03 -1.77853438e-03
  9.80692101e-04 -8.52778461e-03  1.46580930e-03 -4.87604551e-03
  1.01138210e+00 -4.57792822e-03 -8.39521992e-04 -3.12782300e-04]

Layer: output.weight
Values:
[[-0.1010849   0.10970583  0.19843449  0.1598958  -0.07357556  0.00579113
  -0.01240226  0.08572815  0.17938383  0.03214487  0.01229551  0.00735309
  -0.02976078 -0.01725663  0.02722665  0.03991354  0.00418899 -0.08856686
   0.07301313  0.19005944 -0.20886251  0.03005271  0.02075006  0.02573265
  -0.01432949  0.12413103 -0.02155847  0.07087875 -0.14711002  0.06657732
   0.01219191  0.00429665]]
Gradients:
[[-2.9706036e+02  4.9527097e+00  2.9484525e+00  5.5071068e-01
   1.0264198e+00  4.7905400e-01 -3.6963425e+01  5.7007116e-01
   1.6888989e+00  2.1252489e+00  6.0515058e-01  1.3849612e+00
   1.0590037e+00  5.2521789e-01  7.1494269e-01  1.3789414e+00
   5.8335215e-01 -2.3243126e+02  1.1029298e+00  3.5773945e+00
  -4.0843726e+02  1.6487420e+00  5.7099926e-01  2.4031119e+00
   2.5363764e-01  1.7798281e+00  9.1498381e-01  2.0825384e+00
  -2.6944943e+02  4.1601572e+00  1.3570801e+00  2.3983079e-01]]

Layer: output.bias
Values:
[-0.08068232]
Gradients:
[-6.850268]

