Layer: linear1.weight
Values:
[[-4.30295497e-01 -2.80285209e-01  7.43093073e-01 ...  2.65580368e+00
  -7.47936058e+00  7.99560785e+00]
 [-4.25162986e-02 -3.15092094e-02  1.31208849e+01 ...  6.67500973e-01
  -1.03846300e+00  2.23576379e+00]
 [-3.03773105e-01 -1.54162437e-01 -1.38056831e+01 ... -1.36570511e+01
  -8.10217762e+00  3.34730887e+00]
 ...
 [-2.23763391e-01 -4.55907881e-02  3.91948366e+00 ...  1.80494964e+00
  -4.79988432e+00  1.36484683e+00]
 [-2.75920480e-01  1.04894405e-02 -1.45150030e+00 ...  1.91512179e+00
  -6.72304630e+00  1.43956203e+01]
 [ 7.15450495e-02 -2.44575515e-01  3.58804655e+00 ... -6.66981280e-01
  -5.07011700e+00  2.03498626e+00]]
Gradients:
[[-9.32475567e+00 -2.91398573e+00 -5.30649461e-02 ...  2.02266589e-01
  -4.19755504e-02 -6.94715902e-02]
 [ 3.07387842e+03  9.60586792e+02 -2.75862885e+00 ... -2.71831398e+01
  -1.08674841e+01  3.31429176e+01]
 [-1.74139345e+00 -5.44190347e-01  4.12268162e-01 ...  1.34654999e+00
   5.13265908e-01 -4.51446354e-01]
 ...
 [-6.92443237e+01 -2.16388531e+01 -2.01826185e-01 ... -2.51686513e-01
  -1.10722266e-01 -4.79894012e-01]
 [-2.51852741e+01 -7.87040091e+00 -7.33291432e-02 ...  6.65056929e-02
  -5.22091202e-02 -1.88840687e-01]
 [-3.36949043e+01 -1.05296583e+01 -9.73213166e-02 ... -3.57000232e-02
  -5.76711223e-02 -2.26003736e-01]]

Layer: linear1.bias
Values:
[-0.02815248 -0.07857222  0.04055407  0.21827342 -0.01740849 -0.3517004
  0.05674586  0.06467576 -0.3217855  -0.17202222 -0.27374685  0.08962043
 -0.06892729  0.00457261  0.14078394 -0.34991816 -0.11098137 -0.28891128
 -0.34787002 -0.14896716 -0.13941422  0.34911585 -0.10394386 -0.00245766
  0.02033667 -0.33138466 -0.4031583  -0.08833833 -0.3892157  -0.06672464
 -0.28254512 -0.30598974 -0.2527352   0.05709158 -0.02866928 -0.25710928
  0.03236809 -0.23091789 -0.23698948 -0.18440051 -0.05962379 -0.22873779
 -0.23021747 -0.00875502 -0.19266899 -0.09576047  0.31864923 -0.2790807
 -0.19151832 -0.0829642  -0.00177572 -0.07890352 -0.20032077 -0.06493749
 -0.33196086 -0.33333823 -0.15925562 -0.21244803 -0.24852434 -0.16332799
  0.00791765 -0.11747181 -0.11144286 -0.24500169]
Gradients:
[-2.33118869e-02  7.68469238e+00 -4.35350835e-03  6.48477748e-02
  6.85507894e-01  3.92753556e-02  8.38609040e-02  4.10880208e-01
 -6.05274364e-02 -9.17997956e-02  8.85044783e-02  1.35907903e-03
 -4.52176519e-02  1.48610681e-01 -1.47151083e-01 -2.12469101e-02
 -3.90788727e-02  6.10150397e-04  2.30683103e-01  2.58605391e-01
 -1.30562484e-01  1.57310581e+01 -2.26782113e-01 -1.06956564e-01
 -2.96295822e-01  1.38289165e-02 -1.32303219e-02  9.00609046e-03
  3.31343450e-02 -1.65073365e-01  2.98369598e+01 -3.48051488e-02
  1.95541650e-01 -4.50912565e-02  5.19528687e-02  3.67828667e-01
 -1.33259068e+01  1.40707782e-02 -1.02787428e-01  2.55221099e-01
  1.57463737e-02 -1.43630221e-01 -5.61261177e-02 -5.41417450e-02
 -7.09780864e-03 -8.13641101e-02  3.23765144e+01 -5.78247495e-02
  9.84622240e-02  2.08406210e-01  1.97459906e-02  8.27825889e-02
 -3.53630981e+01  1.30144417e-01 -1.32334739e-01  5.35447523e-02
 -7.63598531e-02  1.24751933e-01 -1.92214437e-02 -3.80516410e+00
  1.16194978e-01 -1.73110798e-01 -6.29632026e-02 -8.42372552e-02]

Layer: linear2.weight
Values:
[[ 2.095903   -0.57079184  1.1067061  ...  1.6416795   1.5966007
   1.3458837 ]
 [-0.25118473  0.14282663 -0.8298118  ... -0.13763267 -0.07863701
  -0.17775977]
 [-0.29156488 -0.3612686  -0.5614705  ... -0.18411365 -0.47384524
  -0.16199008]
 ...
 [ 2.7027075  -1.2837082   1.730414   ...  2.1859121   2.3769183
   1.7206286 ]
 [ 1.5820985  -1.3873981   1.0413272  ...  1.6012291   1.4064459
   1.4924363 ]
 [ 0.9053972  -0.5125095   0.68871844 ...  0.9244376   0.9900137
   0.7998552 ]]
Gradients:
[[ 1.30013555e-01 -2.80256104e+00  1.54524028e-01 ...  7.98047259e-02
   1.13661066e-01  3.09274700e-02]
 [ 1.03630543e+01 -1.64819839e+02  1.67799568e+01 ...  2.42618799e+00
   9.01837730e+00  9.38598096e-01]
 [ 1.28584778e+02 -1.37218176e+03  1.02890770e+02 ...  1.04334084e+02
   8.96474304e+01  3.92912865e+01]
 ...
 [ 1.59228906e-01 -3.43232417e+00  1.89247251e-01 ...  9.77376848e-02
   1.39201880e-01  3.78771573e-02]
 [ 1.74264729e-01 -3.75643444e+00  2.07117483e-01 ...  1.06966905e-01
   1.52346507e-01  4.14538793e-02]
 [ 4.63155508e-02 -9.98373866e-01  5.50470464e-02 ...  2.84293666e-02
   4.04902212e-02  1.10174855e-02]]

Layer: linear2.bias
Values:
[-1.7509639   0.5233717   0.2555039  -0.03879438  0.24097499 -2.2195802
 -0.7886953  -2.4291947  -1.9831308  -0.5826055  -1.1840739  -1.9134984
  0.18427162 -2.2008932  -2.0092907   0.18698935 -2.420719   -0.9471324
 -1.1116668  -0.6616564   0.8417029  -0.02820444 -0.64048225 -2.051221
  0.457778    0.5064682  -2.2430894   0.2396701  -0.37555414 -2.1563706
 -1.7042375  -1.0513101 ]
Gradients:
[-1.8098891e-02 -1.5337424e+00 -1.7941750e+01 -7.6268339e-01
  2.7831957e-02 -1.6675040e-02 -1.4919390e+01 -2.7312227e-02
 -1.9675121e-02  1.9953772e-02 -2.3397341e-02 -1.6616020e-02
 -2.4691315e+00 -2.0411350e-02 -2.5618389e-02  3.8493514e+00
 -2.5484368e-02 -3.0271076e-02 -3.8420215e-02 -2.8439954e-02
 -1.8175557e+00  1.3856657e-02 -2.8413749e+00 -2.2766024e-02
 -3.6997395e+00 -3.0715726e-02 -2.1585062e-02  2.4952352e-02
 -2.3578371e+01 -2.2165895e-02 -2.4258986e-02 -6.4474791e-03]

Layer: output.weight
Values:
[[-1.2040405  -1.8224862  -2.0507083   0.9379965   1.8522954  -1.1092992
   2.3503377  -1.8171465  -1.3089384   1.328367   -1.5565883  -1.1053774
  -0.94153994 -1.3579293  -1.7044312   1.6349667  -1.695508   -2.0139885
  -2.5564506  -1.8923043   1.6766492   0.92229605 -1.0925543  -1.5146348
   0.82376665 -2.043829   -1.4360349   1.6606857   1.9418541  -1.4746919
  -1.6140033  -0.42871186]]
Gradients:
[[-1.6387670e+00 -9.2049799e+02  2.3543515e+02 -1.2048895e+03
   1.7271807e+01 -1.0344441e+00 -9.2473312e+01 -6.9766030e+00
  -4.3658161e+00 -5.4717445e+00 -8.2498960e+00  7.1561441e-02
  -1.2633623e+03 -2.1482518e+00 -7.2512555e+00  9.8288803e+01
  -9.8701515e+00 -1.5175088e+01  1.3646505e+01  1.3715563e+00
  -1.8865427e+01  2.1792545e+00 -5.8404934e+01 -3.2365224e+00
  -9.6798676e+01  1.9565056e+01 -1.3019221e+00  2.0784126e+01
  -6.8144440e+02 -4.7691178e+00  1.8116033e-01  1.4685757e+00]]

Layer: output.bias
Values:
[1.7415494]
Gradients:
[1.5027115]

