Layer: linear1.weight
Values:
[[-0.21671912 -0.066706    0.05882984 ... -0.6429863  -1.319775
   2.5789185 ]
 [-0.05145549 -0.04044802  2.5879562  ...  0.3490492  -0.5924305
   1.3119584 ]
 [-0.13951539  0.0100958  -4.227212   ... -4.5324397  -1.8610667
   2.2423599 ]
 ...
 [-0.05138274  0.12679172  0.41745982 ... -1.5038626   0.6954721
  -2.2725892 ]
 [-0.1506943   0.13571638 -2.9057372  ... -0.5661935  -2.0143979
   5.6709967 ]
 [ 0.08794946 -0.22817314  0.91980416 ... -2.7138996   0.11900883
  -1.0048497 ]]
Gradients:
[[ 7.4977560e+00  2.3430490e+00  5.1167767e-02 ... -1.3594436e-02
   1.8942589e-02 -7.4335635e-03]
 [-1.4840387e+03 -4.6376199e+02 -7.1744232e+00 ... -1.7982737e+01
   3.5597146e-01 -3.4100394e+00]
 [-3.2969146e+00 -1.0302864e+00  4.3082152e-02 ...  2.8944921e-03
  -4.9002610e-02 -5.9019968e-02]
 ...
 [-1.6139147e+01 -5.0434833e+00 -4.5015708e-02 ... -9.5859356e-02
  -7.5057402e-02 -4.1549247e-02]
 [ 3.7979858e+00  1.1868701e+00  3.2545552e-02 ... -6.8418548e-02
   7.0089586e-03 -1.8369835e-02]
 [-1.7563437e+01 -5.4885740e+00 -4.7363851e-02 ... -1.4542808e-01
  -7.5119816e-02 -6.1514545e-02]]

Layer: linear1.bias
Values:
[ 0.18542483 -0.08751262  0.2048128   0.24136087 -0.02174664 -0.28927153
  0.07961277  0.15066104 -0.10955382 -0.06500456 -0.18753733  0.1147116
 -0.07275849  0.08225396  0.2123186  -0.1850712  -0.06799335 -0.216985
 -0.20058848 -0.05374817 -0.10603631  0.341662    0.08568235  0.13402753
  0.17198312 -0.21297874 -0.27953902 -0.00978818 -0.27435243  0.22321555
 -0.33875167 -0.20624952 -0.19394548  0.10879607 -0.04751112 -0.15132214
  0.01308065 -0.15683822 -0.07944831 -0.12854582  0.01199275 -0.07459088
 -0.08707999  0.09044208 -0.04005519 -0.00908623  0.30185845 -0.21269484
 -0.10834537 -0.02453643  0.05160777  0.0043338  -0.20243232 -0.01623425
 -0.17646551 -0.25428966 -0.13012008 -0.10064608 -0.1671011  -0.20116761
  0.06526633  0.05491045  0.01378415 -0.2285986 ]
Gradients:
[ 1.87443923e-02 -3.71009636e+00 -8.24229047e-03 -8.93119164e-03
  1.27802268e-02  4.25784569e-03 -1.27399946e-02 -7.94371683e-03
 -6.78479951e-03 -4.24442589e-02 -4.33017779e-03 -7.75301456e-03
 -2.04940550e-02 -1.06746256e-02 -2.68496051e-02 -3.37278390e+00
 -4.37101983e-02 -2.36908626e-03 -2.48719286e-03 -1.31926145e-02
 -2.55105849e-02  7.55430746e+00 -3.01759411e-02 -1.53514603e-02
 -4.14995849e-02  1.87917892e-02 -7.05662463e-03 -2.04650927e-02
 -4.62303683e-03 -1.18051432e-02 -7.21022487e-03 -7.65505247e-03
 -1.39615893e+00 -6.91405451e-03 -1.30732348e-02 -1.64261572e-02
 -1.22021711e+00 -5.79312537e-03 -9.67978500e-03 -1.88583992e-02
 -2.65213149e-03 -1.43565703e-02  1.80168357e-03  1.82976539e-03
 -6.77594170e-03 -1.92243382e-02 -4.12116766e+00 -1.14154276e-02
 -1.68052744e-02 -1.41476798e+00 -4.19394579e-03 -1.43530164e-02
  4.05353165e+00  2.21126396e-02 -1.50988195e-02  2.35143695e-02
 -2.06489079e-02 -2.26176195e-02 -1.69426613e-02 -7.50685930e-02
  1.30065661e-02 -4.03478630e-02  9.49495845e-03 -4.39085886e-02]

Layer: linear2.weight
Values:
[[ 0.21547836 -0.23737557  0.25076574 ...  0.09606066  0.00732111
   0.24931596]
 [ 0.05906367 -0.13562568 -0.06048779 ... -0.00490387  0.13695784
  -0.01410006]
 [ 0.00886861  0.36831975  0.12570123 ...  0.22712223  0.14321807
   0.2612464 ]
 ...
 [ 0.26574054 -0.21696255  0.23655304 ... -0.06167493  0.1567074
  -0.03170311]
 [-0.14057136 -0.32984677  0.00833633 ...  0.02702362 -0.12222187
   0.21177623]
 [-0.20320378 -0.30576563 -0.36495727 ...  0.12448834 -0.11086062
   0.09839098]]
Gradients:
[[-6.98012882e-04 -6.51822090e-02 -1.33743032e-03 ... -6.13378710e-04
  -6.25637709e-04 -1.32000330e-03]
 [-9.66830552e-01 -2.32962918e+00 -3.93405199e-01 ... -4.94313568e-01
  -1.01620233e+00 -8.12448144e-01]
 [ 4.60861588e+00 -1.13900482e+02  3.16360545e+00 ...  5.08709335e+00
   5.16117859e+00  6.12404585e+00]
 ...
 [-7.45328546e-01  2.55148005e+00 -3.44763219e-01 ... -6.12539649e-01
  -8.19471836e-01 -8.12590897e-01]
 [-4.36166227e-01 -3.29798460e-02 -1.66853100e-01 ... -2.57689804e-01
  -4.53777105e-01 -3.88601840e-01]
 [ 7.64458813e-03  7.13870525e-01  1.46474242e-02 ...  6.71767583e-03
   6.85192645e-03  1.44565655e-02]]

Layer: linear2.bias
Values:
[-0.1120384   0.1952472  -0.13409384 -0.32880872  0.00664272 -0.33084273
 -0.52787626 -0.45537367  0.09306473 -0.15460156 -0.14313288  0.04656116
  0.1983272  -0.122873   -0.36725533  0.09654219 -0.3587891  -0.48248363
 -0.6493346  -0.03387651  0.13727681 -0.01402479 -0.31420487 -0.03714725
 -0.12047434  0.3544737  -0.1802244   0.04833827 -0.19711594  0.13088009
 -0.14623372  0.12210605]
Gradients:
[ 9.06665809e-06  4.27326739e-01 -2.82552481e+00  1.68347073e+00
 -1.56281877e+00  1.13840215e-05 -1.98791313e+00  1.19500328e-05
  3.23549420e-01 -2.22466111e+00  1.13206916e-05 -2.43051909e-05
  4.75084782e-03  7.00494274e-06  1.33339781e-05 -4.73686504e+00
  1.47782266e-05  1.39693730e-05  6.04707748e-06  3.20122147e+00
 -5.43249771e-05 -4.53988171e+00 -2.63047171e+00 -1.16231486e-01
 -2.34269537e-05  5.27179003e-01  7.19184754e-07 -1.41945648e+00
 -4.61577058e-01  3.87376726e-01  2.03473508e-01 -9.92994756e-05]

Layer: output.weight
Values:
[[-0.03917392 -0.09688108 -0.31804064  0.3092247   1.1562629  -0.0489547
   1.0601196  -0.05145914 -0.0603793   1.3464874  -0.04872925  0.10399637
  -0.20354627 -0.03028815 -0.05733909  0.8057073  -0.06351436 -0.06003422
  -0.02616199 -0.62749267  0.23273939  0.88450813 -0.2795151  -0.10753945
   0.10027221 -0.10668547 -0.00326004  1.0501653   0.71046734 -0.06432606
  -0.05203122  0.42563096]]
Gradients:
[[-1.7553674e-01 -5.9832249e+01  8.7864639e+01  4.5529991e+01
  -4.3849323e+01  3.3576214e-01 -6.9083939e+01  5.0403967e-02
  -1.7158154e+01 -5.2317223e+01 -4.5976203e-02 -3.2229102e-01
   2.2942514e+02  1.4476565e-01 -1.5411346e+00 -6.3514969e+01
  -3.2542531e+00 -2.4562399e-01 -1.6623338e+00 -7.4828079e+01
  -1.1021078e+00 -5.3809299e+01  1.0484271e+02 -1.1215145e-02
  -1.3827975e+00 -8.4391571e+01 -1.5956328e+00 -3.9820091e+01
  -2.1822102e+01 -1.0571333e+02 -4.3099026e+01 -1.6748708e+00]]

Layer: output.bias
Values:
[-0.34519595]
Gradients:
[-0.02331543]

