Layer: linear1.weight
Values:
[[-3.50805968e-01 -2.00796187e-01  5.06636679e-01 ...  2.56036448e+00
  -6.05726862e+00  6.31249571e+00]
 [-5.74816242e-02 -4.64745015e-02  6.84185791e+00 ...  1.35730510e-03
  -2.25193119e+00  1.80517232e+00]
 [-2.16609329e-01 -6.69976994e-02 -6.53253508e+00 ... -1.32349405e+01
  -4.97164249e+00  3.60846376e+00]
 ...
 [-1.18674144e-01  5.94987348e-02  2.52491760e+00 ...  1.55356240e+00
  -1.34821928e+00  1.16824619e-01]
 [-2.53317356e-01  3.30925249e-02 -2.48225427e+00 ...  1.87253857e+00
  -4.11220217e+00  1.21165829e+01]
 [ 6.85850084e-02 -2.47537524e-01  2.42178655e+00 ... -1.35270023e+00
  -3.03301811e+00  1.23143351e+00]]
Gradients:
[[-3.53912048e+01 -1.10597534e+01 -1.12393089e-01 ... -2.14184538e-01
  -1.09246947e-01 -1.67964920e-02]
 [-1.25431628e+03 -3.91973663e+02 -5.40277767e+00 ... -9.94213676e+00
  -4.57762766e+00 -5.93254328e+00]
 [-8.73940201e+01 -2.73106289e+01  1.37114078e-01 ... -3.62615049e-01
  -5.47684669e-01 -2.82493621e-01]
 ...
 [-2.69079838e+01 -8.40874481e+00  2.29396038e-02 ... -3.81154209e-01
  -1.58432633e-01 -7.04623386e-02]
 [-5.57707977e+01 -1.74283752e+01 -9.57825631e-02 ... -4.46505904e-01
  -2.41649449e-01 -1.77349105e-01]
 [-1.94534874e+01 -6.07921505e+00  1.41334645e-02 ... -2.06379786e-01
  -1.05895445e-01 -7.71666542e-02]]

Layer: linear1.bias
Values:
[ 0.05133388 -0.09353787  0.12771933  0.25497547 -0.00381927 -0.31456456
  0.10417911  0.12877642 -0.3076959  -0.10476685 -0.23749776  0.12497667
 -0.0867927   0.07538414  0.11924453 -0.27100745 -0.06749447 -0.23002711
 -0.21546777 -0.07636821 -0.08348854  0.324791   -0.07440985  0.00064012
  0.03462816 -0.35535443 -0.42811126 -0.00725804 -0.32823715  0.04288501
 -0.28728935 -0.26140174 -0.20954598  0.07693062 -0.04387172 -0.1444523
  0.02296908 -0.16289364 -0.15299141 -0.13154943 -0.02243817 -0.15510306
 -0.13042262  0.03934919 -0.1344634  -0.07083336  0.3101572  -0.2682365
 -0.16903658 -0.01595228  0.01082316  0.01794462 -0.20743304 -0.03741163
 -0.28042597 -0.29839036 -0.11973148 -0.10995193 -0.21876396 -0.19637655
  0.05872349 -0.0123821  -0.08883959 -0.24796331]
Gradients:
[-8.84780139e-02 -3.13578987e+00 -2.18485057e-01 -1.01203814e-01
 -3.68794250e+00 -1.74500227e-01 -7.46424943e-02 -4.89026383e-02
 -6.43396229e-02 -1.03991404e-01 -7.62765259e-02 -7.63077587e-02
 -8.97312611e-02 -1.13958769e-01 -3.81390005e-02 -3.94362152e-01
 -6.55498728e-02 -1.31843165e-01 -9.34636444e-02 -4.36938591e-02
  9.08514485e-02 -3.77300339e+01 -2.42419466e-02 -1.10750578e-01
 -1.15261950e-01 -2.25922853e-01 -1.55369759e-01 -6.83883429e-02
 -1.64522514e-01 -6.67300299e-02  9.11756420e+00 -1.41178817e-01
 -1.58070889e+01 -4.70952615e-02 -9.06429365e-02 -1.04637682e-01
 -4.70726852e+01 -3.20984200e-02 -1.43827200e-02 -6.73238337e-02
 -1.67492419e-01 -3.04019153e-02 -1.09976240e-01 -3.54603231e-02
 -2.25052908e-02 -9.52319875e-02  2.91191063e+01 -1.39891282e-02
 -1.34626880e-01  6.73826122e+00 -6.59065843e-02 -1.21087052e-01
  1.83244457e+01  1.25322118e-02 -5.25980741e-02 -1.32955253e-01
  7.67936260e-02 -1.62349865e-02  7.44864345e-03  2.55582294e+01
 -7.47544244e-02 -6.72699586e-02 -1.39426991e-01 -4.86337245e-02]

Layer: linear2.weight
Values:
[[ 1.4961753  -0.40131605  0.81796354 ...  1.1966659   1.1199297
   1.1793163 ]
 [-0.08048722 -0.14318733 -0.7353676  ...  0.05000506  0.1191972
  -0.05611635]
 [-0.2937726  -0.18278386 -0.5633945  ... -0.20189823 -0.42529532
  -0.14268132]
 ...
 [ 2.0472755  -1.0952322   1.376966   ...  1.6990588   1.8056216
   1.5669032 ]
 [ 0.95535046 -1.1957302   0.7290781  ...  1.1243354   0.88797736
   1.1781452 ]
 [ 0.32351258 -0.5280365   0.19933352 ...  0.5367278   0.50832015
   0.6325694 ]]
Gradients:
[[-5.62558353e-01  2.18086314e+00 -4.22198236e-01 ... -3.32931370e-01
  -4.69573915e-01 -2.60333747e-01]
 [-2.90960846e+01  2.13579926e+02 -1.62268124e+01 ... -1.60131989e+01
  -2.35836220e+01 -1.13490486e+01]
 [-1.17599449e+02  2.84278625e+02 -7.95434647e+01 ... -7.10244064e+01
  -9.87508774e+01 -5.43687401e+01]
 ...
 [-6.92042351e-01  2.68283296e+00 -5.19375384e-01 ... -4.09562051e-01
  -5.77655673e-01 -3.20254713e-01]
 [-7.55323768e-01  2.92815566e+00 -5.66868067e-01 ... -4.47013110e-01
  -6.30477488e-01 -3.49539399e-01]
 [-1.37591988e-01  5.33401251e-01 -1.03262305e-01 ... -8.14291984e-02
  -1.14849582e-01 -6.36730939e-02]]

Layer: linear2.bias
Values:
[-1.3386886   0.35671762  0.23225513 -0.12149616  0.14797787 -1.8000935
 -0.77356505 -2.0045016  -1.5642781  -0.63214916 -0.76479864 -1.4935607
  0.16501316 -1.7770325  -1.5849476   0.00968093 -2.0576198  -0.51672745
 -0.73520356 -0.25884864  0.8881332   0.11925413 -0.6560831  -1.6294289
  0.3615959   0.683379   -1.8797116   0.08661046 -0.5424437  -1.6937208
 -1.2845345  -0.5279436 ]
Gradients:
[ 0.10867574  5.2740755  22.915155   -2.9146757   7.5495224   0.10401569
 -2.440755    0.16999     0.12456612 -1.5948153   0.1337435   0.10417336
  1.223246    0.1298837   0.15525481  0.46434975  0.1518057  -0.6855917
 -8.582591   -3.5532973  -8.274185    4.003898   -0.83672535  0.13968399
  0.03897557  2.4389887   0.13367255  5.6185274  -8.152158    0.13368963
  0.14591444  0.02658019]

Layer: output.weight
Values:
[[-0.99819046 -1.4540381  -1.6853008   0.39258787  1.9270618  -0.95537037
   1.4401727  -1.5614684  -1.144173    2.0734437  -1.228403   -0.95681685
  -0.5666084  -1.1930294  -1.4260806   1.5353453  -1.3944101  -1.746923
  -2.1905     -1.6307232   0.9634404   1.137789   -0.9256176  -1.2830634
   0.7751799  -1.5032828  -1.2278385   1.6786169   1.9951298  -1.2279842
  -1.3403466  -0.24400227]]
Gradients:
[[  32.241898   36.689556 -427.5369   -270.27625   136.08586    35.9889
    55.976574   48.339603   44.42036    21.185598   22.2227     39.244022
    37.586834   41.993866   43.725464   50.06263    53.731636   13.74559
   -41.73742   138.07181   -88.37939   190.66116   105.82309    45.06859
   -40.391144  342.14307    42.97168   102.77572   116.645996   49.40247
    40.978947   17.039148]]

Layer: output.bias
Values:
[1.1651269]
Gradients:
[-10.884779]

