Layer: linear1.weight
Values:
[[-2.82427102e-01 -1.32415190e-01 -8.87902856e-01 ...  7.07505047e-01
  -1.39005399e+00  4.06127882e+00]
 [-5.57903387e-02 -4.47826572e-02  5.04887104e+00 ...  6.07131422e-01
  -1.65073290e-01  1.47289217e+00]
 [-2.50887781e-01 -1.01276286e-01 -5.56632614e+00 ... -1.18491087e+01
  -2.61309147e+00  3.23292828e+00]
 ...
 [-1.88282162e-01 -1.01083145e-02  2.18035340e+00 ... -1.35691524e+00
   5.00695169e-01 -1.52178347e+00]
 [-1.70721397e-01  1.15688264e-01 -3.41551161e+00 ...  8.67150202e-02
  -7.03091860e-01  8.68818951e+00]
 [ 4.62584682e-02 -2.69863367e-01  2.25931334e+00 ... -2.59872532e+00
  -2.40250885e-01  5.82217090e-02]]
Gradients:
[[ 1.79270687e+01  5.60220861e+00  1.08333595e-01 ...  3.65803353e-02
   7.89592937e-02  7.35988617e-02]
 [ 1.60872107e+03  5.02725403e+02  3.80058718e+00 ...  9.02544117e+00
   8.19964600e+00 -1.79171562e-01]
 [ 1.08232107e+01  3.38225484e+00  2.72459239e-02 ... -3.29015851e-01
  -9.74366367e-02  1.53165519e-01]
 ...
 [ 7.55735922e+00  2.36167455e+00  1.63947698e-02 ...  2.15343356e-01
   1.22087616e-02  1.69142216e-01]
 [ 2.72304153e+01  8.50950432e+00  1.03548996e-01 ...  1.98029056e-01
   1.41988948e-01  6.90340251e-02]
 [ 2.95581317e+00  9.23691273e-01  1.46938805e-02 ... -3.04089487e-03
   1.48431968e-03  7.70412236e-02]]

Layer: linear1.bias
Values:
[ 0.1197137  -0.09184698  0.09344057  0.21633306  0.00552769 -0.3655783
  0.08571786  0.11461256 -0.19546846 -0.15892564 -0.23631264  0.12699229
 -0.13729568  0.04160242  0.05192947 -0.25419435 -0.1257992  -0.22066115
 -0.23965572 -0.03880429 -0.10911024  0.32413304 -0.09430622 -0.0140221
  0.00055019 -0.22618312 -0.3390973  -0.0559803  -0.3313586   0.07299627
 -0.29605895 -0.27998424 -0.20896351  0.11880024 -0.0827889  -0.15773508
  0.02093852 -0.14200781 -0.16623354 -0.17135836 -0.06040628 -0.14921325
 -0.14437048  0.09698716 -0.07888511 -0.10027074  0.30325925 -0.25122398
 -0.16502512 -0.02164447  0.04127594 -0.02692073 -0.21210785 -0.04086507
 -0.31547442 -0.30999723 -0.105211   -0.12752306 -0.196509   -0.19862483
  0.04333839 -0.08198933 -0.00624349 -0.27028942]
Gradients:
[ 4.4817671e-02  4.0218029e+00  2.7058046e-02  4.3403398e-02
  2.5975037e+00  2.9858500e-02  7.1666650e-03 -1.6636547e-02
  5.0628901e-02  2.6495066e-02  1.3827162e-02  4.6965446e-02
  2.3644146e-02  1.9172123e-02  3.4024946e-02  5.7342075e-02
  3.3843089e-03  4.2962052e-02 -1.3798595e-02 -3.7633419e-02
  2.4966488e-02  3.9414723e+00  2.3698378e-02  4.5507468e-02
  3.4053307e-02  8.7101310e-02  2.1951351e-02  2.1584298e-02
  5.1095214e-02  5.1528819e-02  1.0132813e-01  1.2926703e-02
  1.5644733e+01  2.1034297e-02  2.5395703e-02  6.9408212e-04
  3.3427727e+01  1.8579179e-02  5.4602154e-02 -2.1534555e-02
  5.7609182e-02  2.7759403e-02  4.7350172e-02  1.3005315e-02
  1.8662542e-02  1.4463380e-02 -1.2941579e+01  2.3559865e-02
  1.3420069e-02 -2.2018781e+00  2.4130683e-02  2.7554385e-02
  1.6192266e+01 -6.2123835e-02  2.0373117e-02  2.0250175e-02
 -1.1493986e-02 -1.4605804e-02  5.9984503e-03 -4.6488676e+00
 -1.2400662e-02  1.8893398e-02  6.8076037e-02  7.3895343e-03]

Layer: linear2.weight
Values:
[[ 7.9156619e-01 -4.6602109e-01  4.0854976e-01 ...  5.7736832e-01
   4.4947600e-01  6.6922235e-01]
 [-7.1873638e-04 -1.3418964e-01 -6.2242007e-01 ...  3.8403280e-02
   1.8553095e-01 -7.4566916e-02]
 [-9.1758370e-02 -1.8281415e-01 -1.3075174e-01 ... -8.3492259e-03
  -1.9388680e-01  5.9736356e-02]
 ...
 [ 1.4163150e+00 -1.1501962e+00  1.0476099e+00 ...  1.1303741e+00
   1.1976029e+00  1.0848626e+00]
 [ 2.8819990e-01 -1.2488176e+00  3.5897824e-01 ...  5.3728914e-01
   2.5633076e-01  6.8188459e-01]
 [-1.6860256e-01 -3.0985460e-01 -3.0663848e-01 ...  1.5964398e-01
  -1.2942622e-02  1.6916740e-01]]
Gradients:
[[-8.0192916e-02 -5.2800006e-01 -5.5342317e-02 ... -9.5504545e-02
  -5.2338116e-02 -5.7838358e-02]
 [-3.4306103e+01  9.2426941e+01 -3.9503559e+01 ... -4.9701748e+01
  -2.3400902e+01 -2.9746330e+01]
 [ 1.0783160e+01 -1.6068900e+02  1.9527285e+01 ...  1.9640530e+01
   7.7241707e+00  1.1738266e+01]
 ...
 [-1.1368294e-01 -7.4850255e-01 -7.8454234e-02 ... -1.3538900e-01
  -7.4195459e-02 -8.1992656e-02]
 [-1.3804229e-01 -9.0888751e-01 -9.5264994e-02 ... -1.6439942e-01
  -9.0093613e-02 -9.9561624e-02]
 [-8.0748953e-02 -1.2403562e-02 -8.4238283e-02 ... -1.0209061e-01
  -5.6376100e-02 -6.2780455e-02]]

Layer: linear2.bias
Values:
[-0.6192747   0.30852443  0.02801122 -0.30702463 -0.05201075 -1.0602628
 -0.7286372  -1.3498515  -0.9141693  -0.48812184 -0.08276763 -0.7126945
  0.17454542 -1.0968089  -0.93220955 -0.13603792 -1.405291   -0.3117099
 -0.67407864 -0.09455066  0.5820577  -0.05983711 -0.62127393 -0.9777169
  0.41861078  0.60338247 -1.1641146  -0.03390655 -0.44973183 -1.0424098
 -0.6033203  -0.04138602]
Gradients:
[ 0.02106822  9.932742   -3.5230548  -0.5423583  -6.420127    0.01905997
  2.2654362   0.04174872  0.02668476  3.0839772   0.03609911  0.02085856
 -0.09780508  0.02772098  0.03854888 -1.6235918   0.03719712 -0.4582858
  2.3397708   4.1782217  -0.583002   -4.966982    0.93302464  0.03243439
 -0.9594739   3.0798178   0.02891514 -6.076802    3.7058659   0.0298667
  0.03626635  0.0217858 ]

Layer: output.weight
Values:
[[-0.5718206  -0.9329892  -0.89929956  0.33356613  1.416146   -0.517271
   1.6795422  -1.133737   -0.72442436  1.9016138  -0.98025435 -0.5661001
  -0.43611425 -0.7525901  -1.0467612   1.3516651  -1.0100411  -1.5921199
  -1.7627869  -0.9553968   0.3632356   0.9249014  -0.5840838  -0.88062334
   0.6350642  -0.7740486  -0.78503567  1.3405663   1.6452013  -0.8108672
  -0.98468274 -0.01126157]]
Gradients:
[[   5.432464  -175.11322    150.59895    -69.14079   -105.91412
     6.7726088   44.918602     9.662845     6.3372726   13.184181
     5.4562073    6.570935   -83.839264     8.304697     6.4277663
   -68.22275      7.978215    10.926452    -2.4466195 -126.81459
  -380.4241    -159.9628       4.4077373    6.8053756  -22.118162
  -212.35918      8.326763   -48.546883    40.330845     7.305864
     3.0878878   -1.6588053]]

Layer: output.bias
Values:
[0.497976]
Gradients:
[-3.6806579]

